tree
version=v4
num_class=1
num_tree_per_iteration=1
label_index=0
max_feature_idx=63
objective=regression
feature_names=Column_0 Column_1 Column_2 Column_3 Column_4 Column_5 Column_6 Column_7 Column_8 Column_9 Column_10 Column_11 Column_12 Column_13 Column_14 Column_15 Column_16 Column_17 Column_18 Column_19 Column_20 Column_21 Column_22 Column_23 Column_24 Column_25 Column_26 Column_27 Column_28 Column_29 Column_30 Column_31 Column_32 Column_33 Column_34 Column_35 Column_36 Column_37 Column_38 Column_39 Column_40 Column_41 Column_42 Column_43 Column_44 Column_45 Column_46 Column_47 Column_48 Column_49 Column_50 Column_51 Column_52 Column_53 Column_54 Column_55 Column_56 Column_57 Column_58 Column_59 Column_60 Column_61 Column_62 Column_63
feature_infos=[-3.712899923324585:3.1472001075744629] [0.094999998807907104:8.5553998947143555] [0:100] [0:100] [0:100] [0.096000000834465027:35.923999786376953] [0.093900002539157867:1.7553000450134277] [0.2378000020980835:1.7553000450134277] [-8.0193004608154297:5.5665998458862305] [-14.217599868774414:11.79740047454834] [-10.268600463867188:8.570500373840332] [0:1] [0:23] [-0.012728000059723854:0.019594000652432442] [-1:1] [-5.9510002136230469:3.4628000259399414] [-9.5347995758056641:5.4506998062133789] [-14.803899765014648:8.2539997100830078] [-26.14069938659668:19.666500091552734] [-23.030399322509766:18.378400802612305] [-19.02400016784668:1.6033999919891357] [-2.7460000514984131:11.759599685668945] [0.50069999694824219:18.673900604248047] [-16.833099365234375:0] [0:14.423199653625488] [-9:13] [0:2] [-3.7142348289489746:3.1621699333190918] [-7.7980279922485352:5.6782803535461426] [-13.326780319213867:12.452486038208008] none none none none none none none none none none none none none none none none none none none none none none none none none none none none none none none none none none
tree_sizes=673 586 587 680 583 672 676 586 665 585 579 498 585 585 762 841 672 583 675 582 578 850 584 586 580 582 591 757 682 740 499 488 587 563 761 502 502 498 497 502 760 595 589 758 585 671 671 672 497 754 497 585 582 588 495 589 754 751 755 749 661 665 496 665 498 675 590 493 493 502

Tree=0
num_leaves=6
num_cat=0
split_feature=6 10 23 10 12
split_gain=199.023 110.387 45.889 87.9986 45.3692
threshold=0.67779999971389782 -1.712350010871887 -1.8246499896049497 -2.0373499989509578 4.5000000000000009
decision_type=8 2 2 2 2
left_child=2 -2 4 -4 -1
right_child=1 -3 3 -5 -6
leaf_value=-0.090729089269696486 -0.12119745238024843 -0.078177726312660761 -0.044730375535637142 -0.070601601423245425 -0.073407697682799603
leaf_weight=171 117 102 131 1194 636
leaf_count=171 117 102 131 1194 636
internal_value=-0.0735552 -0.101409 -0.0714434 -0.0680013 -0.0770576
internal_weight=0 219 2132 1325 807
internal_count=2351 219 2132 1325 807
is_linear=0
shrinkage=1


Tree=1
num_leaves=5
num_cat=0
split_feature=10 7 22 7
split_gain=179.692 56.8097 56.1664 48.4882
threshold=-4.1714501380920401 0.38214999437332159 6.2012500762939462 0.37405000627040869
decision_type=2 8 8 10
left_child=-1 3 -3 -2
right_child=1 2 -4 -5
leaf_value=-0.037071816026843313 0.0036497185341628699 -0.00070275280709981294 -0.023256803561622897 0.021539116770807845
leaf_weight=115 664 1292 107 173
leaf_count=115 664 1292 107 173
internal_value=0 0.00121791 -0.00246457 0.00740438
internal_weight=0 2236 1399 837
internal_count=2351 2236 1399 837
is_linear=0
shrinkage=0.03


Tree=2
num_leaves=5
num_cat=0
split_feature=19 20 5 18
split_gain=156.401 46.3051 65.9824 46.3421
threshold=-5.4058499336242667 -2.0677999258041377 0.61149999499320995 1.872250020503998
decision_type=2 10 10 2
left_child=-1 2 -2 -3
right_child=1 3 -4 -5
leaf_value=-0.035739365341398148 -0.020005127249262865 0.0065095738611196038 0.0015638360340013964 -0.0045646893106431009
leaf_weight=108 204 1243 332 464
leaf_count=108 204 1243 332 464
internal_value=0 0.00105394 -0.00661135 0.00348087
internal_weight=0 2243 536 1707
internal_count=2351 2243 536 1707
is_linear=0
shrinkage=0.03


Tree=3
num_leaves=6
num_cat=0
split_feature=6 29 13 11 14
split_gain=173.671 63.5994 45.0431 58.1187 49.1179
threshold=0.67779999971389782 -1.8276827335357664 0.0011519999825395646 1.0000000180025095e-35 -1.0000000180025095e-35
decision_type=8 10 8 2 8
left_child=2 -2 3 -1 -4
right_child=1 -3 4 -5 -6
leaf_value=0.023646274027732114 -0.041935446335618118 -0.0091263870219913633 -0.0099653907099778311 -0.0052956825781025384 0.0026272865388008949
leaf_weight=175 111 108 340 94 1523
leaf_count=175 111 108 340 94 1523
internal_value=0 -0.026007 0.0019852 0.0134395 0.000308898
internal_weight=0 219 2132 269 1863
internal_count=2351 219 2132 269 1863
is_linear=0
shrinkage=0.03


Tree=4
num_leaves=5
num_cat=0
split_feature=10 23 10 5
split_gain=156.489 45.7206 74.0551 68.1226
threshold=-4.1714501380920401 -1.7724500298500059 -2.3393499851226802 1.0145000219345095
decision_type=2 2 2 10
left_child=-1 3 -3 -2
right_child=1 2 -4 -5
leaf_value=-0.034584738862829222 -0.0093590848184752096 0.030725048943119043 0.002757133208788795 0.0084307601015999618
leaf_weight=115 641 91 1229 275
leaf_count=115 641 91 1229 275
internal_value=0 0.00114722 0.00472973 -0.00398216
internal_weight=0 2236 1320 916
internal_count=2351 2236 1320 916
is_linear=0
shrinkage=0.03


Tree=5
num_leaves=6
num_cat=0
split_feature=6 7 13 23 13
split_gain=205.431 89.0415 56.7729 37.8297 23.2267
threshold=0.69330000877380382 0.62714999914169323 0.0011519999825395646 -1.6456999778747556 0.0001879999981611036
decision_type=8 8 8 2 10
left_child=2 -2 4 -4 -1
right_child=1 -3 3 -5 -6
leaf_value=0.0052030989054058273 -0.0043619526549090824 -0.045185401564917689 -0.003309852737313304 0.0052388136554582946 0.023997700676420489
leaf_weight=104 85 116 799 1107 155
leaf_count=104 85 116 799 1107 155
internal_value=0 -0.0281773 0.00345184 0.0016396 0.0166153
internal_weight=0 201 2165 1906 259
internal_count=2366 201 2165 1906 259
is_linear=0
shrinkage=0.03


Tree=6
num_leaves=6
num_cat=0
split_feature=6 13 24 9 13
split_gain=193.451 53.4646 52.9425 40.8273 21.8294
threshold=0.69330000877380382 0.0011519999825395646 2.8280000686645512 -0.58505001664161671 0.0001879999981611036
decision_type=8 8 2 10 10
left_child=1 4 -2 -3 -1
right_child=2 3 -4 -5 -6
leaf_value=0.0050484925942229364 -0.042836166538556313 -0.0045353869072766104 -0.011441165688653093 0.0047332822142750587 0.023282384407133438
leaf_weight=104 100 643 101 1263 155
leaf_count=104 100 643 101 1263 155
internal_value=0 0.00334913 -0.0273438 0.00158997 0.0161236
internal_weight=0 2165 201 1906 259
internal_count=2366 2165 201 1906 259
is_linear=0
shrinkage=0.03


Tree=7
num_leaves=5
num_cat=0
split_feature=10 18 18 10
split_gain=108.928 47.8883 47.8472 32.7318
threshold=-4.1714501380920401 2.1884000301361088 -0.33945000171661371 1.7362500429153445
decision_type=2 2 2 2
left_child=-1 2 -2 -3
right_child=1 3 -4 -5
leaf_value=-0.029611886970233172 -0.0001615555624279202 0.00086230627182839797 0.0095838817871283094 -0.015248123601555079
leaf_weight=101 992 237 825 211
leaf_count=101 992 237 825 211
internal_value=0 0.00207347 0.00424965 -0.00667566
internal_weight=0 2265 1817 448
internal_count=2366 2265 1817 448
is_linear=0
shrinkage=0.03


Tree=8
num_leaves=6
num_cat=0
split_feature=6 22 18 15 22
split_gain=178.468 56.9464 52.9287 30.9814 32.8161
threshold=0.63859999179840099 5.4544501304626474 2.1884000301361088 -0.58075001835823048 4.8385498523712167
decision_type=8 10 2 2 10
left_child=1 2 -1 -2 -5
right_child=3 -3 -4 4 -6
leaf_value=0.0048427154492804887 -0.0071112013246908959 0.027506468262182285 -0.0076356210797012885 -0.043144802353115949 -0.016079645684342187
leaf_weight=1652 82 85 373 88 86
leaf_count=1652 82 85 373 88 86
internal_value=0 0.00355985 0.00252679 -0.0229146 -0.0301075
internal_weight=0 2110 2025 256 174
internal_count=2366 2110 2025 256 174
is_linear=0
shrinkage=0.03


Tree=9
num_leaves=5
num_cat=0
split_feature=7 7 11 7
split_gain=150.702 62.6358 55.9038 34.6519
threshold=0.95015001296997081 0.38214999437332159 1.0000000180025095e-35 0.36665000021457678
decision_type=8 10 2 10
left_child=1 3 -3 -1
right_child=-2 2 -4 -5
leaf_value=0.0042348891576806571 -0.035949616048619459 0.0031637477883404248 -0.0090627237636926421 0.017035782861729756
leaf_weight=580 96 843 557 290
leaf_count=580 96 843 557 290
internal_value=0 0.00222857 -0.00168222 0.00855096
internal_weight=0 2270 1400 870
internal_count=2366 2270 1400 870
is_linear=0
shrinkage=0.03


Tree=10
num_leaves=5
num_cat=0
split_feature=7 18 22 18
split_gain=139.441 84.257 43.5226 65.9929
threshold=0.62714999914169323 -2.7152500152587886 5.5877501964569101 1.872250020503998
decision_type=8 2 10 2
left_child=2 -2 3 -1
right_child=1 -3 -4 -5
leaf_value=0.0040742293595563894 -0.03750266086476952 -0.0047285353914440532 0.022163022308749086 -0.009378193621613443
leaf_weight=1559 133 155 93 414
leaf_count=1559 133 155 93 414
internal_value=0 -0.020045 0.00219989 0.00123295
internal_weight=0 288 2066 1973
internal_count=2354 288 2066 1973
is_linear=0
shrinkage=0.03


Tree=11
num_leaves=4
num_cat=0
split_feature=21 10 17
split_gain=53.8201 115.026 73.5819
threshold=4.3849999904632577 -4.1714501380920401 1.4030499458312991
decision_type=10 2 2
left_child=1 -1 -3
right_child=-2 2 -4
leaf_value=-0.030891992419430643 0.023060454848954189 0.0020554162634084205 -0.015998152167103478
leaf_weight=112 83 1933 226
leaf_count=112 83 1933 226
internal_value=0 -0.00138521 0.000145183
internal_weight=0 2271 2159
internal_count=2354 2271 2159
is_linear=0
shrinkage=0.03


Tree=12
num_leaves=5
num_cat=0
split_feature=7 18 17 7
split_gain=129.058 76.9107 46.1492 58.9383
threshold=0.62714999914169323 -2.7152500152587886 -2.1627500057220455 0.38214999437332159
decision_type=8 2 2 10
left_child=2 -2 -1 -4
right_child=1 -3 3 -5
leaf_value=0.022566913520917296 -0.035955736327137965 -0.0046290672960906075 0.0072544974786906751 -0.0032489870464570293
leaf_weight=94 133 155 824 1148
leaf_count=94 133 155 824 1148
internal_value=0 -0.0192741 0.00212662 0.00112614
internal_weight=0 288 2066 1972
internal_count=2354 288 2066 1972
is_linear=0
shrinkage=0.03


Tree=13
num_leaves=5
num_cat=0
split_feature=7 7 7 6
split_gain=122.92 56.5894 62.2502 46.8102
threshold=0.95015001296997081 0.38214999437332159 0.40545000135898596 0.40394999086856848
decision_type=8 10 10 10
left_child=1 3 -3 -1
right_child=-2 2 -4 -5
leaf_value=0.0042014849521401828 -0.035684967459461023 -0.016018050335925252 0.00017160388370440519 0.025015537294706233
leaf_weight=715 85 259 1182 113
leaf_count=715 85 259 1182 113
internal_value=0 0.000849493 -0.00272655 0.00710499
internal_weight=0 2269 1441 828
internal_count=2354 2269 1441 828
is_linear=0
shrinkage=0.03


Tree=14
num_leaves=7
num_cat=0
split_feature=20 13 10 13 13 16
split_gain=46.0768 51.827 128.79 36.4982 43.5769 28.7056
threshold=-2.0677999258041377 0.0026920000091195111 -4.1714501380920401 0.0011519999825395646 0.010469999630004169 0.15055000036954883
decision_type=10 8 2 8 10 2
left_child=1 -1 -3 5 -5 -2
right_child=3 2 -4 4 -6 -7
leaf_value=0.009017753221930682 0.025363437442459384 -0.04615915550569813 -0.0049498534687978223 -0.0010257995133235772 0.017651322892805958 0.0022984076350337206
leaf_weight=131 100 82 400 1420 121 100
leaf_count=131 100 82 400 1420 121 100
internal_value=0 -0.00753381 -0.0121037 0.00202046 0.000431777 0.014049
internal_weight=0 613 482 1741 1541 200
internal_count=2354 613 482 1741 1541 200
is_linear=0
shrinkage=0.03


Tree=15
num_leaves=8
num_cat=0
split_feature=5 9 13 27 17 9 21
split_gain=59.9401 69.7155 88.9837 32.3145 44.4111 31.1004 12.0924
threshold=0.74349999427795421 -1.1306499838829038 0.0032714999979361896 0.52375230193138134 1.4636500477790835 2.3993999958038335 2.0439499616622929
decision_type=10 10 8 10 2 10 10
left_child=1 2 -1 4 -2 -3 -5
right_child=3 5 -4 6 -6 -7 -8
leaf_value=0.011670845074184444 0.0053191848029382526 0.0028702581390337881 -0.023842219183499824 0.0085836580182939506 -0.014097291464925187 -0.01466275168210268 0.025378271595704868
leaf_weight=81 933 679 270 86 118 104 85
leaf_count=81 933 679 270 86 118 104 85
internal_value=0 -0.00445995 -0.0155518 0.00511026 0.00309937 0.000487483 0.0172053
internal_weight=0 1134 351 1222 1051 783 171
internal_count=2356 1134 351 1222 1051 783 171
is_linear=0
shrinkage=0.03


Tree=16
num_leaves=6
num_cat=0
split_feature=6 5 10 23 10
split_gain=95.2132 42.214 37.9589 31.7653 26.421
threshold=0.67779999971389782 0.76350000500679027 -1.9667999744415281 -1.9320500493049619 -0.47879999876022333
decision_type=8 10 2 2 2
left_child=1 3 -2 -1 -3
right_child=2 4 -4 -5 -6
leaf_value=-0.008511269377288409 -0.031337050272872286 0.013554956477209595 -0.0058264333749420746 0.0021856356385241337 0.0033599538737470471
leaf_weight=399 105 338 112 658 744
leaf_count=399 105 338 112 658 744
internal_value=0 0.00241314 -0.018395 -0.00182814 0.00658199
internal_weight=0 2139 217 1057 1082
internal_count=2356 2139 217 1057 1082
is_linear=0
shrinkage=0.03


Tree=17
num_leaves=5
num_cat=0
split_feature=10 5 22 22
split_gain=66.3789 59.8805 77.7578 46.5706
threshold=-4.1714501380920401 0.84250000119209301 5.1061999797821054 5.5877501964569101
decision_type=2 10 10 8
left_child=-1 3 -3 -2
right_child=1 2 -4 -5
leaf_value=-0.021955767812174374 -0.0011929982662277074 0.0043953361794482936 0.033583155756529703 -0.024629552192792933
leaf_weight=112 1167 906 90 81
leaf_count=112 1167 906 90 81
internal_value=0 0.00160338 0.00709392 -0.00275664
internal_weight=0 2244 996 1248
internal_count=2356 2244 996 1248
is_linear=0
shrinkage=0.03


Tree=18
num_leaves=6
num_cat=0
split_feature=6 5 29 29 21
split_gain=87.1723 37.6008 42.0927 39.2698 17.1156
threshold=0.67779999971389782 0.76350000500679027 -2.8023464679718013 -0.53148099780082692 2.0169999599456792
decision_type=8 10 10 10 8
left_child=1 3 -3 -1 -2
right_child=4 2 -4 -5 -6
leaf_value=-0.0086507142541207612 -0.0086040373539569177 0.026578203921370645 0.0044679134642193509 0.0030793130367100237 -0.026100682739210738
leaf_weight=433 108 84 998 624 109
leaf_count=433 108 84 998 624 109
internal_value=0 0.00230035 0.00623508 -0.00170117 -0.0176097
internal_weight=0 2139 1082 1057 217
internal_count=2356 2139 1082 1057 217
is_linear=0
shrinkage=0.03


Tree=19
num_leaves=5
num_cat=0
split_feature=7 5 22 20
split_gain=177.254 42.2158 95.9193 42.1779
threshold=0.95015001296997081 0.96650001406669628 5.1061999797821054 -2.0444500446319576
decision_type=8 10 10 10
left_child=1 3 -3 -1
right_child=-2 2 -4 -5
leaf_value=-0.010241350663141033 -0.041081576615027829 0.003995617144236391 0.037910865850779893 0.0018224680286573547
leaf_weight=340 88 744 83 1101
leaf_count=340 88 744 83 1101
internal_value=0 0.00207462 0.00747735 -0.00100828
internal_weight=0 2268 827 1441
internal_count=2356 2268 827 1441
is_linear=0
shrinkage=0.03


Tree=20
num_leaves=5
num_cat=0
split_feature=7 10 22 17
split_gain=108.335 39.6345 66.6233 47.608
threshold=0.95015001296997081 2.7432500123977666 5.4544501304626474 1.075500011444092
decision_type=8 2 10 2
left_child=1 2 -1 -3
right_child=-2 3 -4 -5
leaf_value=0.00097183955526118529 -0.031734575226784065 0.0038181043363043235 0.023580567008256909 -0.025695711448385665
leaf_weight=1982 93 90 124 103
leaf_count=1982 93 90 124 103
internal_value=0 0.00112166 0.00232783 -0.0118294
internal_weight=0 2299 2106 193
internal_count=2392 2299 2106 193
is_linear=0
shrinkage=0.03


Tree=21
num_leaves=8
num_cat=0
split_feature=12 13 24 13 13 18 22
split_gain=32.9133 81.5214 41.1495 34.3903 72.2408 32.2896 21.7464
threshold=15.500000000000002 0.004399999976158143 2.2619999647140507 0.0015624999650754037 0.0037055000429973011 -1.0179499983787534 2.5309998989105229
decision_type=2 8 2 10 10 2 10
left_child=1 2 -1 6 -5 -3 -2
right_child=3 5 -4 4 -6 -7 -8
leaf_value=0.0085164685337140236 0.0080129078231402657 -0.0089962181051261719 0.032189887731532238 -0.034552994208116278 -0.0037150945721151629 0.0016570490830954479 -0.0052818643607884302
leaf_weight=411 191 399 80 94 255 702 260
leaf_count=411 191 399 80 94 255 702 260
internal_value=0 0.00233056 0.0124922 -0.0051232 -0.0121817 -0.00218111 0.000287415
internal_weight=0 1592 491 800 349 1101 451
internal_count=2392 1592 491 800 349 1101 451
is_linear=0
shrinkage=0.03


Tree=22
num_leaves=5
num_cat=0
split_feature=7 17 10 10
split_gain=101.841 38.6285 48.6274 36.3087
threshold=0.95015001296997081 1.4318999648094179 1.2032000422477724 0.42875000834465032
decision_type=8 2 2 2
left_child=1 3 -3 -1
right_child=-2 2 -4 -5
leaf_value=-0.00067609382640277489 -0.030763961343055077 0.0039023547895252701 -0.021570718307422566 0.0075189336482874769
leaf_weight=1239 93 124 142 794
leaf_count=1239 93 124 142 794
internal_value=0 0.00109234 -0.00961355 0.0025119
internal_weight=0 2299 266 2033
internal_count=2392 2299 266 2033
is_linear=0
shrinkage=0.03


Tree=23
num_leaves=5
num_cat=0
split_feature=7 11 19 16
split_gain=95.8802 39.4383 100.631 69.4241
threshold=0.95015001296997081 1.0000000180025095e-35 -0.06149999983608722 1.2134500145912173
decision_type=8 2 2 2
left_child=1 3 -3 -1
right_child=-2 2 -4 -5
leaf_value=0.0027254864627367409 -0.029850860913977661 -0.01559263554030641 0.0038099850647601136 0.031173773545165918
leaf_weight=1185 93 378 654 82
leaf_count=1185 93 378 654 82
internal_value=0 0.00105904 -0.00327596 0.00461345
internal_weight=0 2299 1032 1267
internal_count=2392 2299 1032 1267
is_linear=0
shrinkage=0.03


Tree=24
num_leaves=5
num_cat=0
split_feature=6 28 17 17
split_gain=67.9535 48.5087 56.9124 26.1637
threshold=0.67779999971389782 1.5676854848861697 1.4318999648094179 -1.3399000167846677
decision_type=8 10 2 2
left_child=1 2 -1 -2
right_child=3 -3 -4 -5
leaf_value=0.0020768017200305023 -0.0064903814261074826 0.022756405354416726 -0.014938643186941939 -0.028149893723036112
leaf_weight=1895 118 91 194 94
leaf_count=1895 118 91 194 94
internal_value=0 0.0014297 0.000475876 -0.016322
internal_weight=0 2180 2089 212
internal_count=2392 2180 2089 212
is_linear=0
shrinkage=0.03


Tree=25
num_leaves=5
num_cat=0
split_feature=19 17 22 25
split_gain=59.4412 47.9517 44.7969 12.7485
threshold=-5.4058499336242667 -1.8479999899864195 4.0724000930786142 -1.4999999999999998
decision_type=2 2 8 2
left_child=-1 3 -3 -2
right_child=1 2 -4 -5
leaf_value=-0.02157613439242477 0.0060899640769675007 0.00092350658889059432 -0.012317276651609844 0.02294944680535916
leaf_weight=114 81 1814 262 96
leaf_count=114 81 1814 262 96
internal_value=0 0.000528924 -0.000738218 0.0154802
internal_weight=0 2253 2076 177
internal_count=2367 2253 2076 177
is_linear=0
shrinkage=0.03


Tree=26
num_leaves=5
num_cat=0
split_feature=17 17 20 13
split_gain=49.3456 29.1558 59.2698 24.6251
threshold=-3.6964000463485713 -1.8479999899864195 -2.3318500518798824 0.00073900001007132243
decision_type=2 2 10 10
left_child=-1 3 -3 -2
right_child=1 2 -4 -5
leaf_value=-0.022563468301668763 0.020240677164803291 -0.014057703431809449 0.0011954619251029822 -0.00096762194729796262
leaf_weight=87 115 261 1823 81
leaf_count=87 115 261 1823 81
internal_value=0 0.000322656 -0.000706281 0.0113633
internal_weight=0 2280 2084 196
internal_count=2367 2280 2084 196
is_linear=0
shrinkage=0.03


Tree=27
num_leaves=7
num_cat=0
split_feature=6 13 6 21 13 22
split_gain=87.5763 35.6188 34.1756 41.2087 26.9521 19.7868
threshold=0.65465000271797191 0.0011519999825395646 0.96104997396469127 1.887750029563904 0.0022239999379962687 2.8071500062942509
decision_type=8 8 10 8 8 10
left_child=1 5 3 -2 -3 -1
right_child=2 4 -4 -5 -6 -7
leaf_value=0.018520865577593214 -0.010676047127837172 -0.012940887123007665 -0.00038588415847762541 -0.039867585744799636 0.0011230793683903247 0.0004456557123136989
leaf_weight=159 103 131 84 81 1721 88
leaf_count=159 103 131 84 81 1721 88
internal_value=0 0.00155178 -0.0166255 -0.0238349 0.000105637 0.0122298
internal_weight=0 2099 268 184 1852 247
internal_count=2367 2099 268 184 1852 247
is_linear=0
shrinkage=0.03


Tree=28
num_leaves=6
num_cat=0
split_feature=6 10 13 14 11
split_gain=82.5221 56.2661 33.5485 45.7056 26.3327
threshold=0.65465000271797191 -1.712350010871887 0.0011519999825395646 -1.0000000180025095e-35 1.0000000180025095e-35
decision_type=8 2 8 8 2
left_child=2 -2 4 -4 -1
right_child=1 -3 3 -5 -6
leaf_value=0.018633540955571723 -0.028364181185886263 -0.00047320298093836747 -0.0096284348885011337 0.0023940114690497844 -0.0019377046857995016
leaf_weight=167 149 119 350 1502 80
leaf_count=167 149 119 350 1502 80
internal_value=0 -0.0161391 0.00150576 0.000101791 0.0118689
internal_weight=0 268 2099 1852 247
internal_count=2367 268 2099 1852 247
is_linear=0
shrinkage=0.03


Tree=29
num_leaves=7
num_cat=0
split_feature=6 6 21 13 14 11
split_gain=77.7029 32.2962 38.8184 31.5573 43.011 24.8093
threshold=0.65465000271797191 0.96104997396469127 1.887750029563904 0.0011519999825395646 -1.0000000180025095e-35 1.0000000180025095e-35
decision_type=8 10 8 8 8 2
left_child=3 2 -2 5 -5 -1
right_child=1 -3 -4 4 -6 -7
leaf_value=0.018077862363092469 -0.0098942394660732069 0 -0.03822314455815614 -0.0093404047747150561 0.0023222388860482828 -0.0018802910850003911
leaf_weight=167 103 84 81 350 1502 80
leaf_count=167 103 84 81 350 1502 80
internal_value=0 -0.0156615 -0.0226665 0.0014603 9.81344e-05 0.0115112
internal_weight=0 268 184 2099 1852 247
internal_count=2367 268 184 2099 1852 247
is_linear=0
shrinkage=0.03


Tree=30
num_leaves=4
num_cat=0
split_feature=7 13 13
split_gain=73.4944 36.9184 29.2293
threshold=0.95015001296997081 0.011783000081777574 0.0092009999789297598
decision_type=10 10 10
left_child=1 2 -1
right_child=-2 -3 -4
leaf_value=0.0012664663284209614 -0.02535043265968177 -0.017480441173538565 0.016845420403648975
leaf_weight=2061 96 89 114
leaf_count=2061 96 89 114
internal_value=0 0.00131366 0.00210417
internal_weight=0 2264 2175
internal_count=2360 2264 2175
is_linear=0
shrinkage=0.03


Tree=31
num_leaves=4
num_cat=0
split_feature=10 24 19
split_gain=63.9819 63.1967 104.923
threshold=3.805900096893311 4.4028499126434335 -5.2550499439239493
decision_type=2 2 2
left_child=1 2 -1
right_child=-2 -3 -4
leaf_value=-0.0303610653137865 -0.02598716600211682 0.026071679042863914 0.0015519000756358096
leaf_weight=96 80 87 2097
leaf_count=96 80 87 2097
internal_value=0 0.00114212 0.000128014
internal_weight=0 2280 2193
internal_count=2360 2280 2193
is_linear=0
shrinkage=0.03


Tree=32
num_leaves=5
num_cat=0
split_feature=7 18 23 11
split_gain=69.348 30.9561 37.4934 34.1041
threshold=0.95015001296997081 2.0297000408172612 -2.0258499383926387 1.0000000180025095e-35
decision_type=10 2 2 2
left_child=1 2 -1 -3
right_child=-2 3 -4 -5
leaf_value=-0.0022662010624742088 -0.024632288719306592 0.0028651837492107484 0.0066129591835055032 -0.01300706446083153
leaf_weight=701 96 228 1081 254
leaf_count=701 96 228 1081 254
internal_value=0 0.00126873 0.00310395 -0.00544653
internal_weight=0 2264 1782 482
internal_count=2360 2264 1782 482
is_linear=0
shrinkage=0.03


Tree=33
num_leaves=5
num_cat=0
split_feature=7 6 14 12
split_gain=65.287 29.5457 34.7632 28.7762
threshold=0.95015001296997081 0.65465000271797191 inf 14.500000000000002
decision_type=10 10 8 2
left_child=1 3 -3 -1
right_child=-2 2 -4 -5
leaf_value=0.0050066311599754184 -0.02390093829521199 -0.023910015948455439 0.0017924222110234425 -0.0022606896985515341
leaf_weight=1299 96 87 98 780
leaf_count=1299 96 87 98 780
internal_value=0 0.00123019 -0.0101969 0.00226588
internal_weight=0 2264 185 2079
internal_count=2360 2264 185 2079
is_linear=0
shrinkage=0.03


Tree=34
num_leaves=7
num_cat=0
split_feature=29 28 22 22 22 29
split_gain=40.1896 44.2353 29.3877 77.8936 25.9431 18.6592
threshold=1.5626383423805239 1.2110313177108767 4.0724000930786142 5.5185999870300302 1.326450049877167 2.2351610660552983
decision_type=8 10 10 10 10 8
left_child=2 5 4 -4 -1 -2
right_child=1 -3 3 -5 -6 -7
leaf_value=-0.0032161380329616264 -0.0040670422971141422 0.0092006129487596736 -0.020546420629123329 0.010685340723430272 0.0057598472841643615 -0.018601023999903845
leaf_weight=372 138 103 161 127 1248 211
leaf_count=372 138 103 161 127 1248 211
internal_value=0 -0.00784078 0.00209724 -0.00668096 0.00367948 -0.0129678
internal_weight=0 452 1908 288 1620 349
internal_count=2360 452 1908 288 1620 349
is_linear=0
shrinkage=0.03


Tree=35
num_leaves=4
num_cat=0
split_feature=21 7 13
split_gain=61.9614 65.4202 43.1894
threshold=4.5472500324249276 0.91664999723434459 0.0011519999825395646
decision_type=10 8 10
left_child=1 2 -1
right_child=-2 -3 -4
leaf_value=0.0048339355127700158 0.026295050947881506 -0.025030653109854979 -0.0035928795219722066
leaf_weight=1142 81 91 1047
leaf_count=1142 81 91 1047
internal_value=0 -0.00023804 0.000789886
internal_weight=0 2280 2189
internal_count=2361 2280 2189
is_linear=0
shrinkage=0.03


Tree=36
num_leaves=4
num_cat=0
split_feature=22 22 13
split_gain=85.542 81.1672 32.9847
threshold=6.9571499824523935 5.8671000003814706 0.0011519999825395646
decision_type=10 8 10
left_child=1 2 -1
right_child=-2 -3 -4
leaf_value=0.0041239035068219047 0.029676992144774303 -0.028885328669486371 -0.0032493882547771657
leaf_weight=1163 87 86 1025
leaf_count=1163 87 86 1025
internal_value=0 -0.000460076 0.000656168
internal_weight=0 2274 2188
internal_count=2361 2274 2188
is_linear=0
shrinkage=0.03


Tree=37
num_leaves=4
num_cat=0
split_feature=22 29 19
split_gain=80.5455 87.8448 37.6798
threshold=6.9571499824523935 -3.655261635780334 2.5303000211715703
decision_type=10 10 2
left_child=1 -1 -3
right_child=-2 2 -4
leaf_value=-0.029334758400394463 0.028796799226283011 0.0022926540174525189 -0.0093280768287843444
leaf_weight=90 87 1896 288
leaf_count=90 87 1896 288
internal_value=0 -0.000446643 0.000742952
internal_weight=0 2274 2184
internal_count=2361 2274 2184
is_linear=0
shrinkage=0.03


Tree=38
num_leaves=4
num_cat=0
split_feature=22 29 18
split_gain=75.8415 82.706 25.8563
threshold=6.9571499824523935 -3.655261635780334 1.9453499913215639
decision_type=10 10 2
left_child=1 -1 -3
right_child=-2 2 -4
leaf_value=-0.028464385289187124 0.027942712518124607 0.0023954896451227679 -0.0056599457769123205
leaf_weight=90 87 1734 450
leaf_count=90 87 1734 450
internal_value=0 -0.000433723 0.000720155
internal_weight=0 2274 2184
internal_count=2361 2274 2184
is_linear=0
shrinkage=0.03


Tree=39
num_leaves=4
num_cat=0
split_feature=22 29 13
split_gain=71.4119 77.868 24.5344
threshold=6.9571499824523935 -3.655261635780334 0.0011519999825395646
decision_type=10 10 10
left_child=1 -1 -3
right_child=-2 2 -4
leaf_value=-0.027619838078025278 0.027113956649687181 0.0036649361586905144 -0.0027021404067240377
leaf_weight=90 87 1171 1013
leaf_count=90 87 1171 1013
internal_value=0 -0.00042113 0.000698094
internal_weight=0 2274 2184
internal_count=2361 2274 2184
is_linear=0
shrinkage=0.03


Tree=40
num_leaves=7
num_cat=0
split_feature=6 13 29 8 29 20
split_gain=56.8021 33.6793 30.2083 68.079 28.9787 24.1303
threshold=0.60130000114440929 0.0011519999825395646 1.175579905509949 -0.069649998098611818 3.2688926458358769 -0.48920001089572901
decision_type=8 8 8 10 10 10
left_child=1 5 3 -2 -3 -1
right_child=2 4 -4 -5 -6 -7
leaf_value=0.017110591653097224 -0.021889869470311244 -0.0018343154267250537 -0.029018629813497815 0.0091880403129897745 0.015978294647363729 -0.0023626877049388118
leaf_weight=170 137 1768 80 115 85 82
leaf_count=170 137 1768 80 115 85 82
internal_value=0 0.000393655 -0.0129294 -0.00760865 -0.000992864 0.0106712
internal_weight=0 2105 332 252 1853 252
internal_count=2437 2105 332 252 1853 252
is_linear=0
shrinkage=0.03


Tree=41
num_leaves=5
num_cat=0
split_feature=7 11 22 6
split_gain=90.7468 30.4168 97.4508 63.3428
threshold=0.91664999723434459 1.0000000180025095e-35 5.4544501304626474 0.54855000972747814
decision_type=8 2 10 10
left_child=1 2 -1 -3
right_child=-2 3 -4 -5
leaf_value=0.00050274947239384532 -0.027150935237415325 -0.0011336417622118558 0.030445798743759918 -0.024098301531133671
leaf_weight=1169 116 924 106 122
leaf_count=1169 116 924 106 122
internal_value=0 -5.89114e-05 0.00303755 -0.00386123
internal_weight=0 2321 1275 1046
internal_count=2437 2321 1275 1046
is_linear=0
shrinkage=0.03


Tree=42
num_leaves=5
num_cat=0
split_feature=7 11 6 10
split_gain=85.4293 28.645 59.623 36.03
threshold=0.91664999723434459 1.0000000180025095e-35 0.54855000972747814 1.0082499980926516
decision_type=8 2 10 2
left_child=1 3 -3 -1
right_child=-2 2 -4 -5
leaf_value=0.0059844825786282531 -0.026343369371233841 -0.0010996691639321176 -0.023381230037704835 -0.0054081681887491757
leaf_weight=938 116 924 122 337
leaf_count=938 116 924 122 337
internal_value=0 -5.66826e-05 -0.00374698 0.00294786
internal_weight=0 2321 1046 1275
internal_count=2437 2321 1046 1275
is_linear=0
shrinkage=0.03


Tree=43
num_leaves=7
num_cat=0
split_feature=7 13 29 17 24 6
split_gain=82.1739 67.2446 69.0792 38.3093 54.9571 35.5967
threshold=0.62714999914169323 0.0068769999779760846 -1.759689927101135 1.2574500441551211 4.2424001693725595 0.38149999082088476
decision_type=8 8 10 2 2 10
left_child=3 -2 -3 5 -5 -1
right_child=1 2 -4 4 -6 -7
leaf_value=-0.00080906192204847904 0.003460729563209627 -0.045618706225332886 -0.010619255097368016 -0.015876160309798781 0.012558217793703079 0.0078176524558046124
leaf_weight=1082 111 87 129 240 80 708
leaf_count=1082 111 87 129 240 80 708
internal_value=0 -0.0152663 -0.0249998 0.000865733 -0.00865713 0.00258878
internal_weight=0 327 216 2110 320 1790
internal_count=2437 327 216 2110 320 1790
is_linear=0
shrinkage=0.03


Tree=44
num_leaves=5
num_cat=0
split_feature=18 5 10 18
split_gain=46.978 30.3811 61.6254 43.9663
threshold=-6.6671500205993643 0.51949998736381542 0.21029999852180484 1.872250020503998
decision_type=2 10 2 2
left_child=-1 2 -2 -3
right_child=1 3 -4 -5
leaf_value=-0.022409132103343585 -0.015078712856347699 0.0042481206466286692 0.003728774519639579 -0.0071156513311389077
leaf_weight=90 327 1328 296 396
leaf_count=90 327 1328 296 396
internal_value=0 -0.000420585 -0.00610316 0.00161788
internal_weight=0 2347 623 1724
internal_count=2437 2347 623 1724
is_linear=0
shrinkage=0.03


Tree=45
num_leaves=6
num_cat=0
split_feature=7 24 29 17 7
split_gain=55.182 47.0939 43.0218 30.2332 20.1374
threshold=0.62714999914169323 2.8810499906539921 -2.0060386657714839 -2.1627500057220455 0.38214999437332159
decision_type=8 2 10 2 10
left_child=3 2 -2 -1 -5
right_child=1 -3 -4 4 -6
leaf_value=0.017912126556271689 -0.032454006578467906 0.0031019511649554425 -0.0040519223923192304 0.0036913478002806072 -0.0025110248610616431
leaf_weight=89 121 109 84 817 1109
leaf_count=89 121 109 84 817 1109
internal_value=0 -0.0125796 -0.0210379 0.000914869 0.000104974
internal_weight=0 314 205 2015 1926
internal_count=2329 314 205 2015 1926
is_linear=0
shrinkage=0.03


Tree=46
num_leaves=6
num_cat=0
split_feature=10 13 10 18 6
split_gain=47.3103 54.2385 35.1154 76.0049 27.0285
threshold=-3.6180000305175777 0.0086844996549189108 -2.115800023078918 -0.88519999384880055 0.77595001459121715
decision_type=2 8 2 2 8
left_child=1 -1 3 -2 -4
right_child=2 -3 4 -5 -6
leaf_value=0.0020412323284135368 -0.00088260290529879341 -0.03105250252818223 -0.00019418051105045918 0.034830829789258395 -0.017328349574115772
leaf_weight=80 154 95 1834 80 86
leaf_count=80 154 95 1834 80 86
internal_value=0 -0.0158278 0.000339028 0.0112957 -0.000985886
internal_weight=0 175 2154 234 1920
internal_count=2329 175 2154 234 1920
is_linear=0
shrinkage=0.03


Tree=47
num_leaves=6
num_cat=0
split_feature=10 8 10 18 12
split_gain=44.5092 57.1612 33.0476 71.5887 26.2429
threshold=-3.6180000305175777 -0.13855000585317609 -2.115800023078918 -0.88519999384880055 14.500000000000002
decision_type=2 10 2 2 2
left_child=1 -1 3 -2 -4
right_child=2 -3 4 -5 -6
leaf_value=-0.03345714973442885 -0.00085629563189051569 0.00047706068612318086 0.0017829850574613258 0.033798804935326596 -0.0054216327976164581
leaf_weight=82 154 93 1186 80 734
leaf_count=82 154 93 1186 80 734
internal_value=0 -0.0153528 0.000327833 0.0109574 -0.000957052
internal_weight=0 175 2154 234 1920
internal_count=2329 175 2154 234 1920
is_linear=0
shrinkage=0.03


Tree=48
num_leaves=4
num_cat=0
split_feature=21 10 17
split_gain=46.4217 103.07 49.2729
threshold=4.3849999904632577 -4.1714501380920401 1.6459500193595888
decision_type=8 2 2
left_child=1 -1 -3
right_child=-2 2 -4
leaf_value=-0.029640541290781929 0.019259825854590445 0.0010059204368211324 -0.017109663150947668
leaf_weight=112 98 1975 144
leaf_count=112 98 1975 144
internal_value=0 -0.00172159 -0.000218492
internal_weight=0 2231 2119
internal_count=2329 2231 2119
is_linear=0
shrinkage=0.03


Tree=49
num_leaves=7
num_cat=0
split_feature=7 19 10 7 10 10
split_gain=47.8556 81.7012 43.2464 68.9997 43.1687 25.846
threshold=0.62714999914169323 -3.1311500072479244 -1.262450039386749 0.56055000424385082 0.42875000834465032 -0.5194999873638152
decision_type=8 2 2 10 2 2
left_child=2 -2 3 -1 -4 -3
right_child=1 5 4 -5 -6 -7
leaf_value=0.0024561512858277033 -0.028339655131179219 -0.0098489466211872118 -0.0084542202170553565 0.028254081334433509 0.0021916140538571871 0.013308800891614877
leaf_weight=449 143 81 551 118 897 90
leaf_count=449 143 81 551 118 897 90
internal_value=0 -0.0116744 0.000892284 0.00791814 -0.00184173 0.00217144
internal_weight=0 314 2015 567 1448 171
internal_count=2329 314 2015 567 1448 171
is_linear=0
shrinkage=0.03


Tree=50
num_leaves=4
num_cat=0
split_feature=7 22 7
split_gain=87.1181 39.1253 26.6523
threshold=0.95015001296997081 6.6812999248504648 0.38214999437332159
decision_type=10 10 10
left_child=1 2 -1
right_child=-2 -3 -4
leaf_value=0.0049208855890068258 -0.027233714927552322 0.021741524051470926 -0.0018637942600034554
leaf_weight=844 98 82 1352
leaf_count=844 98 82 1352
internal_value=0 0.00150986 0.000731195
internal_weight=0 2278 2196
internal_count=2376 2278 2196
is_linear=0
shrinkage=0.03


Tree=51
num_leaves=5
num_cat=0
split_feature=7 7 7 10
split_gain=82.0204 26.4906 48.9542 44.412
threshold=0.95015001296997081 0.38214999437332159 0.41535000503063207 0.55734997987747203
decision_type=10 10 10 2
left_child=1 3 -3 -1
right_child=-2 2 -4 -5
leaf_value=-0.00011617275766516387 -0.026424955733289773 -0.010558947609809551 0.0021950088555230452 0.013723945776274537
leaf_weight=492 98 361 1069 356
leaf_count=492 98 361 1069 356
internal_value=0 0.0014649 -0.00100886 0.00566805
internal_weight=0 2278 1430 848
internal_count=2376 2278 1430 848
is_linear=0
shrinkage=0.03


Tree=52
num_leaves=5
num_cat=0
split_feature=15 6 29 8
split_gain=45.9142 85.5933 30.5774 27.5019
threshold=-1.2465999722480772 0.63015002012252819 0.68504124879837047 1.5728499889373782
decision_type=2 10 8 10
left_child=-1 3 -3 -2
right_child=1 2 -4 -5
leaf_value=0.021809785653577121 0.00076000254394800151 -0.0095052009925711903 -0.032475470627670998 0.018422616911401232
leaf_weight=85 1962 167 80 82
leaf_count=85 1962 167 80 82
internal_value=0 -0.000513274 -0.0171669 0.00149191
internal_weight=0 2291 247 2044
internal_count=2376 2291 247 2044
is_linear=0
shrinkage=0.03


Tree=53
num_leaves=5
num_cat=0
split_feature=15 6 28 10
split_gain=43.2312 80.6197 55.2481 34.1499
threshold=-1.2465999722480772 0.63015002012252819 -0.14141011983156201 0.42875000834465032
decision_type=2 10 10 2
left_child=-1 3 -3 -2
right_child=1 2 -4 -5
leaf_value=0.021163100044264697 -0.0020022810518347681 -0.033941203338070769 -0.0047496935677708392 0.0057862638614145567
leaf_weight=85 1135 99 148 909
leaf_count=85 1135 99 148 909
internal_value=0 -0.000497782 -0.0166606 0.00144788
internal_weight=0 2291 247 2044
internal_count=2376 2291 247 2044
is_linear=0
shrinkage=0.03


Tree=54
num_leaves=4
num_cat=0
split_feature=7 22 13
split_gain=74.8033 36.6796 25.5375
threshold=0.95015001296997081 6.6812999248504648 0.004399999976158143
decision_type=10 10 10
left_child=1 2 -1
right_child=-2 -3 -4
leaf_value=0.0027197604736024128 -0.025249267765744165 0.020973429158105548 -0.0043857309056655937
leaf_weight=1555 98 82 641
leaf_count=1555 98 82 641
internal_value=0 0.0013853 0.000631
internal_weight=0 2278 2196
internal_count=2376 2278 2196
is_linear=0
shrinkage=0.03


Tree=55
num_leaves=5
num_cat=0
split_feature=10 13 19 13
split_gain=36.3867 25.8752 28.9707 25.5627
threshold=3.805900096893311 0.0011519999825395646 -2.8884999752044673 0.00073900001007132243
decision_type=2 8 2 10
left_child=1 3 -3 -1
right_child=-2 2 -4 -5
leaf_value=0.0032397773504184361 -0.019434289038181302 -0.0082016375863612316 0.0014619957440825803 0.023596654122562281
leaf_weight=178 80 333 1698 83
leaf_count=178 80 333 1698 83
internal_value=0 0.00101902 -0.000110933 0.00989328
internal_weight=0 2292 2031 261
internal_count=2372 2292 2031 261
is_linear=0
shrinkage=0.03


Tree=56
num_leaves=7
num_cat=0
split_feature=7 10 10 7 9 7
split_gain=44.5307 58.942 57.3605 74.5539 32.0942 30.9569
threshold=0.62714999914169323 0.25814999639987951 -1.262450039386749 0.56055000424385082 -1.3723999857902525 0.45784999430179601
decision_type=10 2 2 10 10 10
left_child=2 4 3 -1 -2 -4
right_child=1 -3 5 -5 -6 -7
leaf_value=0.0044803824281134316 -0.028610822695191017 0.010500620523922099 0.00089218988779313918 0.031823082693429573 -0.0038562593843649933 -0.0099237042794603908
leaf_weight=458 127 82 1219 112 80 294
leaf_count=458 127 82 1219 112 80 294
internal_value=0 -0.0107 0.00184428 0.00995185 -0.0192526 -0.00119486
internal_weight=0 289 2083 570 207 1513
internal_count=2372 289 2083 570 207 1513
is_linear=0
shrinkage=0.03


Tree=57
num_leaves=7
num_cat=0
split_feature=7 18 24 1 9 15
split_gain=41.9209 47.7236 47.0742 45.8823 24.8585 23.5999
threshold=0.62714999914169323 1.872250020503998 4.0857501029968271 0.67819997668266307 -1.6297000050544737 0.10280000045895578
decision_type=10 2 2 2 10 2
left_child=1 3 -3 -1 -2 -6
right_child=4 2 -4 -5 5 -7
leaf_value=0.0011150075880606743 -0.020157163680746003 -0.011824722772300072 0.011534078401152273 0.012498082486384364 0.0090059933697597856 -0.013822398284726121
leaf_weight=1190 129 358 97 438 80 80
leaf_count=1190 129 358 97 438 80 80
internal_value=0 0.00178978 -0.00676477 0.00420174 -0.0103812 -0.00223682
internal_weight=0 2083 455 1628 289 160
internal_count=2372 2083 455 1628 289 160
is_linear=0
shrinkage=0.03


Tree=58
num_leaves=7
num_cat=0
split_feature=29 6 24 29 10 8
split_gain=39.5079 49.3871 47.5262 16.962 45.9154 31.9728
threshold=1.3933145999908449 0.60130000114440929 3.9214000701904301 -0.53148099780082692 -0.47879999876022333 0.78364998102188121
decision_type=8 10 2 10 2 10
left_child=3 2 -2 5 -5 -1
right_child=1 -3 -4 4 -6 -7
leaf_value=-0.0022117624695845799 -0.0085209360496151694 -0.028560347342863678 0.014374649254360375 0.016736349430448636 0.0012688556854666461 0.01728125744173864
leaf_weight=854 337 80 106 233 680 82
leaf_count=854 337 80 106 233 680 82
internal_value=0 -0.00697591 -0.00295493 0.00235334 0.00526302 -0.000455403
internal_weight=0 523 443 1849 913 936
internal_count=2372 523 443 1849 913 936
is_linear=0
shrinkage=0.03


Tree=59
num_leaves=7
num_cat=0
split_feature=7 19 15 18 24 7
split_gain=38.9749 95.0253 59.4729 43.8807 43.1717 30.809
threshold=0.62714999914169323 -3.1311500072479244 -0.022649999707937237 1.872250020503998 4.0857501029968271 0.57945001125335704
decision_type=10 2 2 2 2 10
left_child=3 -2 -3 5 -5 -1
right_child=1 2 -4 4 -6 -7
leaf_value=0.0029983832801579254 -0.030061232149146678 0.022550882921953286 -0.012957869278212242 -0.011329848847861812 0.011034916092075017 0.020953536045980516
leaf_weight=1537 122 83 84 358 97 91
leaf_count=1537 122 83 84 358 97 91
internal_value=0 -0.0100161 0.00454081 0.00171941 -0.00648244 0.00403268
internal_weight=0 289 167 2083 455 1628
internal_count=2372 289 167 2083 455 1628
is_linear=0
shrinkage=0.03


Tree=60
num_leaves=6
num_cat=0
split_feature=6 28 0 12 17
split_gain=43.8964 38.6551 33.065 34.5073 29.1205
threshold=0.63859999179840099 1.516068756580353 -0.41384999454021448 13.500000000000002 1.4636500477790835
decision_type=8 10 2 2 2
left_child=1 4 -2 -4 -1
right_child=2 -3 3 -5 -6
leaf_value=0.0015428160312581664 0.00331919816237959 0.021272902945617594 -0.03015952113111104 -0.0034888396743271086 -0.010828697939474035
leaf_weight=1805 87 82 104 80 188
leaf_count=1805 87 82 104 80 188
internal_value=0 0.00120682 -0.0116076 -0.0188073 0.000355919
internal_weight=0 2075 271 184 1993
internal_count=2346 2075 271 184 1993
is_linear=0
shrinkage=0.03


Tree=61
num_leaves=6
num_cat=0
split_feature=6 0 12 6 22
split_gain=41.326 31.1662 32.4501 29.4033 22.2421
threshold=0.63859999179840099 -0.41384999454021448 13.500000000000002 0.58625000715255748 5.1061999797821054
decision_type=8 2 2 10 10
left_child=3 -2 -3 4 -1
right_child=1 2 -4 -5 -6
leaf_value=-0.00029608493964424317 0.0032207538678564809 -0.029263352624007633 -0.0033854661909518417 0.017481555787674886 0.015123692371453216
leaf_weight=1894 87 104 80 94 87
leaf_count=1894 87 104 80 94 87
internal_value=0 -0.0112627 -0.0182534 0.00117079 0.000373261
internal_weight=0 271 184 2075 1981
internal_count=2346 271 184 2075 1981
is_linear=0
shrinkage=0.03


Tree=62
num_leaves=4
num_cat=0
split_feature=7 28 17
split_gain=45.1565 29.3709 44.8429
threshold=0.91664999723434459 1.629102408885956 1.4636500477790835
decision_type=8 10 2
left_child=1 2 -1
right_child=-2 -3 -4
leaf_value=0.0014054617696105957 -0.01920503902559479 0.017844597828942675 -0.013034027333804514
leaf_weight=1940 107 85 214
leaf_count=1940 107 85 214
internal_value=0 0.000651929 -2.05636e-05
internal_weight=0 2239 2154
internal_count=2346 2239 2154
is_linear=0
shrinkage=0.03


Tree=63
num_leaves=6
num_cat=0
split_feature=7 19 28 19 15
split_gain=42.9501 55.6692 35.9899 42.2262 29.45
threshold=0.62714999914169323 -2.974249958992004 1.5676854848861697 2.3252500295639043 0.037900000810623176
decision_type=8 2 10 2 2
left_child=2 -2 3 -1 -3
right_child=1 4 -4 -5 -6
leaf_value=0.0024179721537182768 -0.024401526941687447 0.013251260737246223 0.020936282520630844 -0.0096936445720706144 -0.011701225745659995
leaf_weight=1650 142 86 80 306 82
leaf_count=1650 142 86 80 306 82
internal_value=0 -0.0106359 0.00133135 0.000503895 0.000897384
internal_weight=0 310 2036 1956 168
internal_count=2346 310 2036 1956 168
is_linear=0
shrinkage=0.03


Tree=64
num_leaves=4
num_cat=0
split_feature=7 10 10
split_gain=41.1739 33.1635 49.288
threshold=0.91664999723434459 -3.6180000305175777 -2.4754000902175899
decision_type=8 2 2
left_child=1 -1 -3
right_child=-2 2 -4
leaf_value=-0.013076480973379788 -0.018335122165994512 0.018549684277968478 0.00034161936670139905
leaf_weight=147 107 143 1949
leaf_count=147 107 143 1949
internal_value=0 0.00062589 0.00160884
internal_weight=0 2239 2092
internal_count=2346 2239 2092
is_linear=0
shrinkage=0.03


Tree=65
num_leaves=6
num_cat=0
split_feature=28 17 13 11 12
split_gain=36.3702 30.0362 32.2649 25.0364 22.7499
threshold=1.2405014634132387 1.1953999996185305 0.0011519999825395646 1.0000000180025095e-35 12.500000000000002
decision_type=10 2 8 2 2
left_child=1 2 -1 -3 -2
right_child=4 3 -4 -5 -6
leaf_value=0.011986222925068188 0.025843599942490095 0.0012406134612571735 -9.1516035731017845e-05 -0.016712296930480406 0.0029848076305239945
leaf_weight=224 81 116 1687 164 82
leaf_count=224 81 116 1687 164 82
internal_value=0 -1.82282e-05 0.00131403 -0.00918995 0.0146153
internal_weight=0 2191 1911 280 163
internal_count=2354 2191 1911 280 163
is_linear=0
shrinkage=0.03


Tree=66
num_leaves=5
num_cat=0
split_feature=7 11 10 10
split_gain=32.9469 39.7463 78.0301 58.033
threshold=0.95015001296997081 1.0000000180025095e-35 0.46680000424385076 0.91050001978874218
decision_type=8 2 2 2
left_child=1 3 -3 -1
right_child=-2 2 -4 -5
leaf_value=0.0092912219725179573 -0.015775469102260499 -0.011414049725418459 0.0052985603781550827 -0.0051094553454353797
leaf_weight=906 100 482 521 345
leaf_count=906 100 482 521 345
internal_value=0 0.00172157 -0.00270631 0.00529494
internal_weight=0 2254 1003 1251
internal_count=2354 2254 1003 1251
is_linear=0
shrinkage=0.03


Tree=67
num_leaves=4
num_cat=0
split_feature=24 7 19
split_gain=35.2745 81.2219 35.9861
threshold=4.632200002670289 0.95015001296997081 2.5303000211715703
decision_type=2 8 2
left_child=1 2 -1
right_child=-2 -3 -4
leaf_value=0.0027468327919421926 0.018458950434896076 -0.028260964976045591 -0.0090567338018238599
leaf_weight=1907 98 86 263
leaf_count=1907 98 86 263
internal_value=0 0.000146777 0.00129893
internal_weight=0 2256 2170
internal_count=2354 2256 2170
is_linear=0
shrinkage=0.03


Tree=68
num_leaves=4
num_cat=0
split_feature=24 18 17
split_gain=33.2136 34.876 29.9947
threshold=4.632200002670289 -6.6671500205993643 1.6459500193595888
decision_type=2 2 2
left_child=1 -1 -3
right_child=-2 2 -4
leaf_value=-0.018357512827285309 0.017910774917426431 0.0018747266935623228 -0.012058632979294498
leaf_weight=87 98 2021 148
leaf_count=87 98 2021 148
internal_value=0 0.000141116 0.000905051
internal_weight=0 2256 2169
internal_count=2354 2256 2169
is_linear=0
shrinkage=0.03


Tree=69
num_leaves=4
num_cat=0
split_feature=21 19 10
split_gain=46.5453 44.859 34.7075
threshold=3.8827999830245976 -5.639699935913085 -0.47879999876022333
decision_type=10 2 2
left_child=1 -1 -3
right_child=-2 2 -4
leaf_value=-0.019667050025730142 0.018540213344633346 0.0059445158596423235 -0.0020432623119379096
leaf_weight=100 126 759 1369
leaf_count=100 126 759 1369
internal_value=0 -0.000120148 0.000793125
internal_weight=0 2228 2128
internal_count=2354 2228 2128
is_linear=0
shrinkage=0.03


end of trees

feature_importances:
Column_7=44
Column_10=38
Column_13=29
Column_6=26
Column_22=23
Column_17=17
Column_18=17
Column_29=15
Column_19=12
Column_11=10
Column_24=10
Column_5=8
Column_21=8
Column_12=7
Column_28=7
Column_15=6
Column_9=5
Column_20=5
Column_23=5
Column_8=4
Column_14=4
Column_0=2
Column_16=2
Column_1=1
Column_25=1
Column_27=1

parameters:
[boosting: gbdt]
[objective: regression]
[metric: rmse]
[tree_learner: serial]
[device_type: cpu]
[data_sample_strategy: bagging]
[data: ]
[valid: ]
[num_iterations: 1000]
[learning_rate: 0.03]
[num_leaves: 8]
[num_threads: 0]
[seed: 42]
[deterministic: 0]
[force_col_wise: 0]
[force_row_wise: 0]
[histogram_pool_size: -1]
[max_depth: 3]
[min_data_in_leaf: 80]
[min_sum_hessian_in_leaf: 0.001]
[bagging_fraction: 0.6]
[pos_bagging_fraction: 1]
[neg_bagging_fraction: 1]
[bagging_freq: 5]
[bagging_seed: 400]
[feature_fraction: 0.5]
[feature_fraction_bynode: 1]
[feature_fraction_seed: 30056]
[extra_trees: 0]
[extra_seed: 12879]
[early_stopping_round: 0]
[early_stopping_min_delta: 0]
[first_metric_only: 0]
[max_delta_step: 0]
[lambda_l1: 1]
[lambda_l2: 1]
[linear_lambda: 0]
[min_gain_to_split: 0]
[drop_rate: 0.1]
[max_drop: 50]
[skip_drop: 0.5]
[xgboost_dart_mode: 0]
[uniform_drop: 0]
[drop_seed: 17869]
[top_rate: 0.2]
[other_rate: 0.1]
[min_data_per_group: 100]
[max_cat_threshold: 32]
[cat_l2: 10]
[cat_smooth: 10]
[max_cat_to_onehot: 4]
[top_k: 20]
[monotone_constraints: ]
[monotone_constraints_method: basic]
[monotone_penalty: 0]
[feature_contri: ]
[forcedsplits_filename: ]
[refit_decay_rate: 0.9]
[cegb_tradeoff: 1]
[cegb_penalty_split: 0]
[cegb_penalty_feature_lazy: ]
[cegb_penalty_feature_coupled: ]
[path_smooth: 0]
[interaction_constraints: ]
[verbosity: -1]
[saved_feature_importance_type: 0]
[use_quantized_grad: 0]
[num_grad_quant_bins: 4]
[quant_train_renew_leaf: 0]
[stochastic_rounding: 1]
[linear_tree: 0]
[max_bin: 255]
[max_bin_by_feature: ]
[min_data_in_bin: 3]
[bin_construct_sample_cnt: 200000]
[data_random_seed: 175]
[is_enable_sparse: 1]
[enable_bundle: 1]
[use_missing: 1]
[zero_as_missing: 0]
[feature_pre_filter: 1]
[pre_partition: 0]
[two_round: 0]
[header: 0]
[label_column: ]
[weight_column: ]
[group_column: ]
[ignore_column: ]
[categorical_feature: ]
[forcedbins_filename: ]
[precise_float_parser: 0]
[parser_config_file: ]
[objective_seed: 16083]
[num_class: 1]
[is_unbalance: 0]
[scale_pos_weight: 1]
[sigmoid: 1]
[boost_from_average: 1]
[reg_sqrt: 0]
[alpha: 0.9]
[fair_c: 1]
[poisson_max_delta_step: 0.7]
[tweedie_variance_power: 1.5]
[lambdarank_truncation_level: 30]
[lambdarank_norm: 1]
[label_gain: ]
[lambdarank_position_bias_regularization: 0]
[eval_at: ]
[multi_error_top_k: 1]
[auc_mu_weights: ]
[num_machines: 1]
[local_listen_port: 12400]
[time_out: 120]
[machine_list_filename: ]
[machines: ]
[gpu_platform_id: -1]
[gpu_device_id: -1]
[gpu_use_dp: 0]
[num_gpu: 1]

end of parameters

pandas_categorical:null
