tree
version=v4
num_class=1
num_tree_per_iteration=1
label_index=0
max_feature_idx=29
objective=binary sigmoid:1
feature_names=Column_0 Column_1 Column_2 Column_3 Column_4 Column_5 Column_6 Column_7 Column_8 Column_9 Column_10 Column_11 Column_12 Column_13 Column_14 Column_15 Column_16 Column_17 Column_18 Column_19 Column_20 Column_21 Column_22 Column_23 Column_24 Column_25 Column_26 Column_27 Column_28 Column_29
feature_infos=[-14.343600273132324:9.2544002532958984] [0.053700000047683716:52.178001403808594] [0:100] [0:96.862701416015625] [0:99.479202270507812] [0.004999999888241291:17.327999114990234] [0.058600001037120819:5.1929001808166504] [0.14720000326633453:3.1103000640869141] [-23.147300720214844:20.753400802612305] [-37.582199096679688:33.747699737548828] none none [0:23] [-0.35633200407028198:0.375] [-1:1] [-13.655699729919434:8.8697004318237305] [-21.630500793457031:13.67870044708252] [-38.890598297119141:21.069099426269531] [-211.05949401855469:162.11360168457031] [-180.24650573730469:139.76019287109375] [-19.975099563598633:4.8538999557495117] [-9.1316003799438477:19.934000015258789] [0.24500000476837158:29.973800659179688] [-19.990499496459961:0] [0:19.757299423217773] [-12:11] [0:2] [-19.36359977722168:20.029199600219727] [0.52079999446868896:5.2641000747680664] none
tree_sizes=1714 1863 1705 1756 1634 1636 1743 1748 1745 1735 1757 1759 1535 1636 1737 1646

Tree=0
num_leaves=15
num_cat=0
split_feature=9 6 18 15 6 7 0 17 1 1 7 7 18 9
split_gain=115.011 40.774 41.8404 34.3402 26.1086 22.6801 22.027 16.2382 14.3758 13.0469 11.8575 9.9563 8.05774 5.28621
threshold=-0.90889999270439137 0.87624999880790722 -15.776299953460692 2.0948499441146855 0.45964999496936804 0.8411499857902528 -0.49795000255107874 -3.1736999750137325 0.87255001068115245 2.9020999670028691 1.5481500029563906 1.3030999898910525 22.858900070190433 6.0134501457214364
decision_type=2 2 2 2 2 2 2 2 2 2 2 2 2 2
left_child=1 2 4 6 -1 -4 12 8 -3 -8 -9 13 -2 -5
right_child=3 7 5 11 -6 -7 9 10 -10 -11 -12 -13 -14 -15
leaf_value=0.038843986836265401 0.06113187420121452 0.052974785261449317 0.067273552780392293 0.067075013523743024 0.059206354331701988 0.058641580247904425 0.058189288400133585 0.075052277090979017 0.067731211616464448 0.044456598491702637 0.064106277481748603 0.060756055508389084 0.066870671202800352 0.076736129880738496
leaf_weight=26.72487984597683 437.58868682384491 26.97464507818222 680.36049252748489 64.938960373401642 329.44034127891064 144.11453898251057 2705.9565257132053 237.52673582732677 298.46945248544216 27.723940774798393 53.949290156364441 45.207507029175758 122.88449424505234 47.705159351229668
leaf_count=107 1752 108 2724 260 1319 577 10834 951 1195 111 216 181 492 191
internal_value=0.0613072 0.0654575 0.0632549 0.0592205 0.0575639 0.0657391 0.0587787 0.0696304 0.0664251 0.0580366 0.0731112 0.0682717 0.0623622 0.0714423
internal_weight=0 1797.56 1180.64 3452.01 356.165 824.475 3294.15 616.92 325.444 2733.68 291.476 157.852 560.473 112.644
internal_count=21018 7197 4727 13821 1426 3301 13189 2470 1303 10945 1167 632 2244 451
is_linear=0
shrinkage=1


Tree=1
num_leaves=16
num_cat=0
split_feature=9 22 17 19 13 13 23 27 19 27 5 23 19 1 15
split_gain=110.453 40.7612 29.3094 23.2305 21.5989 52.9416 27.7883 20.0641 25.2987 18.6825 18.5701 18.3494 16.056 13.0216 6.99486
threshold=-0.90889999270439137 9.162450313568117 1.782249987125397 40.669198989868171 0.0099540003575384634 0.0015765000134706499 -4.0243501663207999 0.30839999020099645 9.1109499931335467 0.046250000596046455 0.75750002264976513 -7.5450501441955558 -10.514150142669676 0.89089998602867138 0.017849999479949478
decision_type=2 2 2 2 2 2 2 2 2 2 2 2 2 2 2
left_child=4 7 14 -4 5 6 -1 9 -9 -2 13 -12 -7 -6 -3
right_child=1 2 3 -5 10 12 -8 8 -10 -11 11 -13 -14 -15 -16
leaf_value=0.0026747985401387314 -0.003732967932889204 -0.00043191007517265014 0.010967210568221468 -0.0022105330327217851 0.0058436177093301143 -0.0073984701740085002 0.013738134180785495 -0.003035041146034893 -0.011192939148459939 -0.00019588984090260545 0.0099113622162449212 0.0013043946820116244 0.0002545089014982926 0.01305877382580716 -0.015694049728319663
leaf_weight=243.4916049093008 1135.0097534954548 26.4759162068367 197.30785426497459 69.682537227869034 238.49541676044464 193.8096032589674 150.33152469992638 481.08780436217785 229.5501467436552 1286.6225418895483 134.35135246813297 399.0752124786377 239.73460203409195 198.01668459177017 26.476891592144966
leaf_count=975 4544 106 790 279 955 776 602 1926 919 5151 538 1598 960 793 106
internal_value=0 -0.00204478 0.00472217 0.00745787 0.00406758 0.00165742 0.00697269 -0.00274365 -0.00571033 -0.00186282 0.00609905 0.0035241 -0.00312977 0.00918474 -0.00858326
internal_weight=0 3452.21 319.943 266.99 1797.31 827.367 393.823 3132.27 710.638 2421.63 969.939 533.427 433.544 436.512 52.9528
internal_count=21018 13821 1281 1069 7197 3313 1577 12540 2845 9695 3884 2136 1736 1748 212
is_linear=0
shrinkage=0.02


Tree=2
num_leaves=15
num_cat=0
split_feature=9 6 15 0 28 9 16 20 6 4 8 12 6 6
split_gain=106.176 38.8222 32.7429 21.119 17.8348 17.5197 13.3072 12.6903 11.4381 11.077 9.11322 9.03316 8.78444 7.13008
threshold=-0.94295001029968251 0.87624999880790722 2.0948499441146855 -0.49795000255107874 2.592249989509583 -5.3264999389648429 -1.0965999960899351 -0.41605000197887415 0.97620001435279857 30.802999496459964 -1.0160500407218931 4.5000000000000009 1.0415999889373782 1.6087500452995303
decision_type=2 2 2 2 2 2 2 2 2 2 2 2 2 2
left_child=1 4 3 10 5 -1 -6 -5 9 -3 -2 -4 -10 -13
right_child=2 8 11 7 6 -7 -8 -9 12 -11 -12 13 -14 -15
leaf_value=-0.005402620267810322 0.0073635865014113153 0.018612564674616923 -0.0031197193885503277 -0.0023746030701010004 -0.0085499093092962618 0.0039729735060945555 0.001011565646109959 -0.0056317348130660687 0 0.0062333667777012833 1.3335368806946947e-05 0.011436998761128992 0.0076508795704725635 0
leaf_weight=85.415460675954819 78.427692115306854 75.142691895365715 26.718308538198471 2112.0812483876944 100.16470010578632 847.01214869320393 129.36100366711617 639.01298658549786 68.899664536118507 58.919260680675507 485.54321470856667 103.36830371618271 411.40108202397823 27.966503545641899
leaf_count=342 314 301 107 8455 401 3392 518 2558 276 236 1944 414 1648 112
internal_value=0 0.00402331 -0.00198661 -0.00241574 0.00184804 0.00308782 -0.00309328 -0.0031402 0.00809525 0.0134065 0.00108211 0.00684688 0.00654643 0.00903383
internal_weight=0 1776.32 3473.12 3315.07 1161.95 932.428 229.526 2751.09 614.363 134.062 563.971 158.053 480.301 131.335
internal_count=21018 7114 13904 13271 4653 3734 919 11013 2461 537 2258 633 1924 526
is_linear=0
shrinkage=0.02


Tree=3
num_leaves=15
num_cat=0
split_feature=9 15 13 13 28 7 7 27 27 20 19 19 7 9
split_gain=102.026 31.1732 20.5691 50.5172 39.2182 37.4753 29.4369 20.3226 19.0197 15.5802 15.3537 12.2178 9.5454 4.99251
threshold=-0.90889999270439137 2.0948499441146855 0.0099540003575384634 0.0015765000134706499 2.6525499820709233 0.46745000779628759 0.59645000100135814 0.27064999938011175 0.046250000596046455 -0.75084999203681935 -10.514150142669676 9.1109499931335467 1.3030999898910525 6.0134501457214364
decision_type=2 2 2 2 2 2 2 2 2 2 2 2 2 2
left_child=2 7 3 6 9 -6 -1 8 -2 -4 -5 -9 13 -3
right_child=1 12 4 10 5 -7 -8 11 -10 -11 -12 -13 -14 -15
leaf_value=0.01673715150025356 -0.0033716478710778281 0.0055157657884517342 0.0081838332503963215 -0.0072902757828813784 -0.022618699032280067 0.0019063501537084598 0.0036454371775183876 -0.0033697221515941829 8.8835617444997243e-05 -0.0023734884524551775 0.00019049588083856585 -0.0088396514942277443 -0.0006935819379488775 0.014919812854421411
leaf_weight=90.858190566301346 1176.4011950343847 64.909349799156189 787.79061016440392 193.83589136600494 32.47178715467453 92.628673106431961 302.79946872591972 504.16114886105061 1356.1337865591049 56.665742769837379 239.7071455270052 258.1064238846302 45.195392191410065 47.656397148966789
leaf_count=364 4709 260 3156 776 130 371 1213 2018 5429 227 960 1033 181 191
internal_value=0 -0.00196447 0.00391056 0.00155804 0.00589338 -0.0044298 0.0067525 -0.00238542 -0.00151141 0.00744978 -0.00311719 -0.00525722 0.0066606 0.00976954
internal_weight=0 3452.56 1796.76 827.201 969.557 125.1 393.658 3294.8 2532.53 844.456 433.543 762.268 157.761 112.566
internal_count=21018 13821 7197 3313 3884 501 1577 13189 10138 3383 1736 3051 632 451
is_linear=0
shrinkage=0.02


Tree=4
num_leaves=14
num_cat=0
split_feature=18 22 1 19 20 20 17 19 18 14 1 19 20
split_gain=55.5236 54.903 24.617 23.3038 18.3888 18.2456 15.6695 24.0803 14.7656 10.7829 9.49488 6.85366 3.7865
threshold=0.47410000860691076 9.162450313568117 0.31425000727176672 -54.894350051879876 -0.6949000060558318 -2.8333499431610103 1.782249987125397 40.669198989868171 -27.628399848937985 1.0000000180025095e-35 1.6508499979972842 1.2531499862670901 -8.8268499374389631
decision_type=2 2 2 2 2 2 2 2 2 2 2 2 2
left_child=3 2 11 10 8 -4 -3 -8 -5 -6 -1 -2 -12
right_child=1 6 5 4 9 -7 7 -9 -10 -11 12 -13 -14
leaf_value=0.00075922852626235534 -0.019335644223593299 -0.0057265183869490656 0.0029420655247178414 -0.0015160152422505515 0.00032378625967468552 -0.0031191976672808913 0.01126827028364308 -0.0021487616792179409 0.00310251896805782 -0.006850283352940789 0.0088117240635592429 -0.0081307785568480069 0.019616238577756413
leaf_weight=29.200268685817719 35.978636056184769 37.470599830150604 216.29554091393948 319.30828513205051 196.57805755734444 2007.0618561953306 197.46583239734173 69.686415210366249 1830.93201354146 138.88008697330952 36.925734683871269 92.69245657324791 40.667942896485329
leaf_count=117 144 150 866 1279 787 8034 791 279 7333 556 148 371 163
internal_value=0 -0.00198554 -0.00302633 0.00212773 0.00172267 -0.00251949 0.00596872 0.0076989 0.00240699 -0.00259838 0.0112668 -0.011543 0.0149065
internal_weight=0 2656.65 2352.03 2592.49 2485.7 2223.36 304.623 267.152 2150.24 335.458 106.794 128.671 77.5937
internal_count=21018 10635 9415 10383 9955 8900 1220 1070 8612 1343 428 515 311
is_linear=0
shrinkage=0.02


Tree=5
num_leaves=14
num_cat=0
split_feature=23 15 7 13 22 7 7 13 13 14 23 21 13
split_gain=42.8914 31.1608 24.8602 41.0258 34.7471 25.5012 18.4391 23.5383 17.5886 17.3982 12.7813 6.79692 10.4653
threshold=-1.3749999999999998 2.0039999485015874 0.43524999916553503 0.0019004999776370826 4.9668998718261728 0.47425000369548803 0.58585000038146984 -0.0015274999896064399 0.098993498831987395 1.0000000180025095e-35 -2.758599996566772 6.2099499702453622 0.01892499998211861
decision_type=2 2 2 2 2 2 2 2 2 2 2 2 2
left_child=2 6 3 -1 8 -6 9 -8 -4 -2 -5 -3 -13
right_child=1 11 4 10 5 -7 7 -9 -10 -11 -12 12 -14
leaf_value=0.024571015503789692 -0.0029355756793471395 0.013816161195879369 -0.00060515556972765472 -0.0066092854941782056 -0.016086061224778486 0.0036016140144396191 -0.012044467884529453 0 -0.015226797486034215 -0.0090405206328282896 0.0062929256303911833 -0.00051571138051538794 0.012560332258660645
leaf_weight=46.174411922693253 495.9600870013237 37.69651535153389 1755.6085752695799 37.971730425953865 25.480476349592209 1459.6608240008354 70.206017002463341 752.51115880906582 32.712113276124001 315.07855550944805 129.13317278027534 72.873404398560524 33.927737891674042
leaf_count=185 1985 151 7030 152 102 5847 281 3012 131 1261 517 292 136
internal_value=0 -0.00239935 0.00141607 0.00802908 0.000976778 0.00323978 -0.00319576 -0.00105365 -0.000892154 -0.00534011 0.00322027 0.0064279 0.00353064
internal_weight=0 1778.25 3486.74 213.279 3273.46 1485.14 1633.76 822.717 1788.32 811.039 167.105 144.498 106.801
internal_count=21082 7118 13964 854 13110 5949 6539 3293 7161 3246 669 579 428
is_linear=0
shrinkage=0.02


Tree=6
num_leaves=15
num_cat=0
split_feature=9 21 6 21 6 19 6 6 5 21 19 23 21 21
split_gain=74.127 34.0557 25.2782 23.4642 20.3059 34.9377 22.7469 21.3638 20.9634 17.8451 14.0105 12.7606 9.32379 4.63632
threshold=-1.0742999911308286 7.4781000614166269 2.0715500116348271 0.82615000009536754 0.89765000343322765 -20.586150169372555 0.98254999518394481 0.56655001640319835 0.5965000092983247 3.8246999979019169 29.074000358581547 -0.46265000104904169 3.5829499959945683 1.3350500464439394
decision_type=2 2 2 2 2 2 2 2 2 2 2 2 2 2
left_child=4 3 10 11 5 7 13 -1 -7 -5 -3 -2 -8 -6
right_child=1 2 -4 9 6 8 12 -9 -10 -11 -12 -13 -14 -15
leaf_value=-0.020135959062357985 0.0012500862902787746 0.011110293451282787 -0.011895367760987803 -0.0041728633054992133 0.0082838263169880376 0.0084583377152892963 0.0021846295862686933 -0.0023506752829041116 0.001718467894007377 -0.00035378986140701492 0.00096222117303363102 -0.012384286296663273 0.0081602464919801991 0.017877938576302609
leaf_weight=30.982919529080391 812.15843638777733 151.97288651764393 28.968562692403793 1740.4175366461277 45.652258455753326 267.7872419655323 288.88676007091999 205.50149808824062 626.80769328773022 697.45165230333805 91.873615860939026 27.240557640790939 176.32620704174042 72.827769964933395
leaf_count=124 3251 609 116 6966 183 1073 1158 823 2511 2792 368 109 707 292
internal_value=0 -0.00152477 0.00523146 -0.00209471 0.00353753 0.00194592 0.00657895 -0.00484 0.0037655 -0.00308906 0.00738805 0.00076961 0.00450507 0.0144488
internal_weight=0 3550.08 272.815 3277.27 1714.77 1131.08 583.693 236.484 894.595 2437.87 243.847 839.399 465.213 118.48
internal_count=21082 14211 1093 13118 6871 4531 2340 947 3584 9758 977 3360 1865 475
is_linear=0
shrinkage=0.02


Tree=7
num_leaves=15
num_cat=0
split_feature=9 20 22 7 13 28 7 13 7 9 12 28 22 25
split_gain=71.2315 22.4361 22.6305 27.0805 20.4169 30.7143 34.0809 29.2969 28.8984 18.5162 17.1853 12.099 3.62746 3.50155
threshold=-1.0742999911308286 0.61164999008178722 9.162450313568117 1.136949956417084 0.0099540003575384634 2.7703000307083134 0.46745000779628759 0.0040434999391436586 0.45794999599456793 0.85920000076293956 8.5000000000000018 2.0472000837326054 4.018550157546998 3.5000000000000004
decision_type=2 2 2 2 2 2 2 2 2 2 2 2 2 2
left_child=4 2 9 -4 7 10 -7 8 -1 -2 -6 -9 -3 -14
right_child=1 12 3 -5 5 6 -8 11 -10 -11 -12 -13 13 -15
leaf_value=0.01772416399961808 -0.00055340668726124389 0.0010559886084653947 0.0095953535435037169 -0.0022783767524253611 0.01041526928215266 -0.023722266377064476 0.0018828958003321323 -0.0077718357843156996 0.0022496158669745784 -0.0036558407481683229 0.0043627927765438447 0.00041726515799280427 0.0058278177991466871 0.016473076925748072
leaf_weight=53.851504892110825 1410.8235047906637 28.978677600622177 146.49391786754131 155.52011576294899 327.24251405894756 26.491474151611328 80.366936326026917 155.79975189268589 457.65528710186481 1739.2486072778702 487.68736837804317 125.37614795565605 42.661732420325279 26.442228600382805
leaf_count=216 5647 116 587 623 1312 106 322 624 1834 6961 1955 502 171 106
internal_value=0 -0.00149432 -0.00176791 0.00342771 0.00346839 0.00549619 -0.00444059 0.00108117 0.00394921 -0.00227332 0.00682752 -0.00406091 0.00785372 0.0103633
internal_weight=0 3550.17 3452.09 302.014 1714.47 921.788 106.858 792.683 511.507 3150.07 814.93 281.176 98.0826 69.104
internal_count=21082 14211 13818 1210 6871 3695 428 3176 2050 12608 3267 1126 393 277
is_linear=0
shrinkage=0.02


Tree=8
num_leaves=15
num_cat=0
split_feature=1 19 19 5 7 24 1 19 7 27 20 17 7 21
split_gain=40.5959 26.1978 22.1168 24.8514 19.5957 15.8638 16.6405 15.7873 20.3667 16.7893 14.6982 8.15 4.95681 3.19714
threshold=1.323949992656708 -3.0315500497817989 -21.352399826049801 0.71150001883506786 0.67695000767707836 0.72540000081062328 0.32759998738765722 -54.894350051879876 1.8707500100135805 0.066749997437000289 -0.67010000348091114 -2.3867000341415401 0.9354500174522401 4.3271000385284433
decision_type=2 2 2 2 2 2 2 2 2 2 2 2 2 2
left_child=1 2 4 -4 -1 10 -7 12 9 -9 -3 -10 -2 -14
right_child=7 5 3 -5 -6 6 -8 8 11 -11 -12 -13 13 -15
leaf_value=-0.010350757539706143 0.0022791589910230417 0.0056912035664077347 0.0059278919214053039 -0.00077549753552602716 0.00089919853214198275 -0.0083650274410654816 -0.0022055362733799507 0.0038882346980426315 -0.015759953603858491 -0.001194265450504542 -0.0065056521644171637 -0.0023856911399639329 0.019551966611774545 0.008409549506642508
leaf_weight=104.88246823847294 25.183690845966339 169.55775289237499 489.17538882791996 394.22712507843971 141.97113464772701 194.66533347964287 2039.0635907500982 1176.2106357812881 28.191027522087097 326.10191267728806 49.230858042836189 62.40627346932888 28.40626385807991 35.116722017526627
leaf_count=420 101 679 1960 1579 569 779 8162 4712 113 1306 197 250 114 141
internal_value=0 -0.00108279 0.00142479 0.00291633 -0.00382244 -0.00224669 -0.00275478 0.00268252 0.00220546 0.00277163 0.00283861 -0.00689231 0.0109061 0.013928
internal_weight=0 3582.77 1130.26 883.403 246.854 2452.52 2233.73 1681.62 1592.91 1502.31 218.789 90.5973 88.7067 63.523
internal_count=21082 14345 4528 3539 989 9817 8941 6737 6381 6018 876 363 356 255
is_linear=0
shrinkage=0.02


Tree=9
num_leaves=15
num_cat=0
split_feature=9 21 24 6 21 8 21 13 20 17 14 20 17 5
split_gain=67.2631 33.0908 23.7578 22.4588 20.5621 22.2471 12.7093 15.3919 12.3747 18.4908 11.0702 8.84719 6.42558 4.56467
threshold=-0.90889999270439137 7.4781000614166269 2.4544500112533574 2.0715500116348271 0.82615000009536754 2.3676000833511357 2.4138499498367314 0.0015765000134706499 -0.72990000247955311 -2.6149499416351314 1.0000000180025095e-35 -0.41605000197887415 0.88494998216629039 0.69949999451637279
decision_type=2 2 2 2 2 2 2 2 2 2 2 2 2 2
left_child=2 4 6 10 11 -6 7 -1 9 -4 -3 -2 -10 -8
right_child=1 3 8 -5 5 -7 13 -9 12 -11 -12 -13 -14 -15
leaf_value=0.0068267765688142835 0.0014805110629537847 0.0029221212047001116 0.0033906508895980196 -0.011128306693831122 -0.0035684936183092183 0.0038894280375492141 -0.010715642488694783 0.00093413724161947359 0.0030362015980920638 0.01100788998396043 0.011754937100200457 -0.0049874123931803226 -0.0091547105449976147 0
leaf_weight=222.43968920409679 694.25708971917629 129.47444100677967 248.79422451555729 28.479930847883224 2215.893132135272 169.09716156125069 41.674441426992416 920.84899596869946 46.415993332862854 286.23341426253319 113.73565499484539 94.475282996892929 25.45401032269001 26.948675110936165
leaf_count=892 2779 519 998 114 8868 677 167 3690 186 1148 456 378 102 108
internal_value=0 -0.00152458 0.00322806 0.00514104 -0.00210293 -0.00302993 0.00158615 0.00210306 0.00646587 0.00751603 0.00716585 0.000675116 -0.00107334 -0.00664494
internal_weight=0 3445.41 1818.81 271.69 3173.72 2384.99 1211.91 1143.29 606.898 535.028 243.21 788.732 71.87 68.6231
internal_count=21082 13791 7291 1089 12702 9545 4857 4582 2434 2146 975 3157 288 275
is_linear=0
shrinkage=0.02


Tree=10
num_leaves=15
num_cat=0
split_feature=16 21 13 13 7 23 7 6 28 6 6 16 13 28
split_gain=50.5209 46.6392 21.9078 47.5461 43.6846 22.3504 23.9835 18.4266 30.4541 27.5759 14.2997 13.328 11.0963 7.24609
threshold=-0.16764999926090238 8.5430002212524432 0.009134000167250635 0.0061284999828785667 0.42964999377727514 -7.2065000534057608 0.84654998779296886 0.33304999768733984 2.5222500562667851 0.37925000488758093 2.0715500116348271 -3.7038000822067256 0.0084640001878142374 0.97874999046325695
decision_type=2 2 2 2 2 2 2 2 2 2 2 2 2 2
left_child=2 7 3 4 -1 11 -7 8 -2 -9 13 -4 -5 -3
right_child=1 10 5 12 -6 6 -8 9 -10 -11 -12 -13 -14 -15
leaf_value=0.015315405398062615 -0.0080584288221258928 0.020527958631329807 0.00311188529066376 -0.011221227083440031 0.00055469357952837818 0.0049106962783636585 -0.0017974514522825032 0.0061958194491570145 0.0096674642378482851 -0.0021666102550495854 -0.0034518501725559975 0.013192877727562391 0.00041339850948138735 0.0080892764400227711
leaf_weight=90.284413620829582 368.37548345327377 25.17700569331646 89.490457966923714 152.35007452964783 690.86969713866711 661.48011739552021 308.39813958108425 167.17106482386589 41.483476385474205 2330.0442245900631 34.450582012534142 153.78648611903191 37.464616373181343 137.85049480199814
leaf_count=362 1474 101 359 610 2768 2650 1236 669 166 9328 138 617 150 553
internal_value=0 -0.00160879 0.00236039 9.97549e-05 0.00230368 0.00415168 0.00275741 -0.00225386 -0.00619648 -0.00159654 0.00774993 0.00959434 -0.0088299 0.0102456
internal_weight=0 3104.55 2184.12 970.969 781.154 1213.16 969.878 2907.07 409.859 2497.22 197.478 243.277 189.815 163.028
internal_count=21181 12429 8752 3890 3130 4862 3886 11637 1640 9997 792 976 760 654
is_linear=0
shrinkage=0.02


Tree=11
num_leaves=15
num_cat=0
split_feature=16 22 28 28 7 7 20 23 28 7 23 7 16 28
split_gain=48.5318 46.103 20.5995 18.0483 32.0679 16.1415 14.987 14.3503 14.4975 12.6109 12.3477 20.9387 13.4326 7.21728
threshold=-0.16764999926090238 9.162450313568117 0.97874999046325695 0.94405001401901256 0.44384999573230749 0.60295000672340404 -1.7024499773979185 -1.4822500348091123 1.9025500416755678 0.71724998950958263 -7.2065000534057608 0.8411499857902528 -3.7038000822067256 1.7855499982833865
decision_type=2 2 2 2 2 2 2 2 2 2 2 2 2 2
left_child=6 3 -3 4 -2 -5 10 13 -9 -4 12 -12 -1 -8
right_child=1 2 9 5 -6 -7 7 8 -10 -11 11 -13 -14 -15
leaf_value=-0.00027685960756212817 0.008163078090593431 0.018890148274862763 -0.0086205079159578264 -0.0039030001169435748 -0.011450110938006727 -0.0006311265609744007 0.011869896774572548 0.007556203125666754 -0.0065887354649782001 0.0048993455644590752 0.0023611675289700578 -0.0028685071144345193 0.0072761237634695122 0.0053071161206405667
leaf_weight=140.40187987685204 38.735148027539253 39.630299955606461 28.921678856015205 1011.8078725636005 183.16428731381893 1537.2387676686049 117.54676124453545 50.195199325680733 65.436910793185234 265.10591591894627 878.72615569829941 466.94331873953342 256.99397954344749 207.61470219492912
leaf_count=563 155 159 116 4049 733 6154 471 201 262 1063 3521 1871 1031 832
internal_value=0 -0.00157613 0.00541842 -0.00242723 -0.00791541 -0.00193871 0.00231425 0.00562115 -0.000264883 0.00347698 0.00146378 0.000530852 0.00456342 0.00777002
internal_weight=0 3104.6 333.658 2770.95 221.899 2549.05 2183.86 440.794 115.632 294.028 1743.07 1345.67 397.396 325.161
internal_count=21181 12429 1338 11091 888 10203 8752 1766 463 1179 6986 5392 1594 1303
is_linear=0
shrinkage=0.02


Tree=12
num_leaves=13
num_cat=0
split_feature=6 19 24 23 28 28 6 28 1 24 19 28
split_gain=41.2381 34.2947 25.256 28.3141 20.7301 16.7907 16.3579 21.7997 17.2581 14.7051 15.16 13.7735
threshold=1.0415999889373782 -3.0315500497817989 0.84139999747276317 -0.79655000567436207 1.9099000096321108 0.97034999728202831 0.31755000352859503 1.8341000080108645 0.55114999413490307 6.1050500869750985 -65.204799652099595 1.4682499766349795
decision_type=2 2 2 2 2 2 2 2 2 2 2 2
left_child=1 6 3 -3 -4 -2 7 -1 -8 11 -11 -7
right_child=5 2 4 -5 -6 9 8 -9 -10 10 -12 -13
leaf_value=0.0066020600144496965 0.015377206753665747 0.0052275735897547547 -0.0046000890670094613 -0.011644093191329618 -0.00098967690550528392 -0.0047760995608608151 0.0072212695129262464 -0.012557679812592031 0.0012570106924731047 0.014642306733645956 -0.00030745208463932067 0.0070007266030484685
leaf_weight=34.17139807343483 47.862703591585159 303.8048719316721 1226.1162408143282 44.24214594066143 1358.6805863976479 41.42735680937767 239.52471442520618 67.164318770170212 1083.3164807260036 27.862878233194351 422.82676205039024 391.25598013401031
leaf_count=137 192 1217 4907 177 5439 166 960 269 4341 112 1695 1569
internal_value=0 -0.000786548 -0.00202598 0.00299841 -0.00271115 0.00384787 0.00175144 -0.00590001 0.0023567 0.0031839 0.000602876 0.00581862
internal_weight=0 4357.02 2932.84 348.047 2584.8 931.236 1424.18 101.336 1322.84 883.373 450.69 432.683
internal_count=21181 17447 11740 1394 10346 3734 5707 406 5301 3542 1807 1735
is_linear=0
shrinkage=0.02


Tree=13
num_leaves=14
num_cat=0
split_feature=9 21 21 21 15 28 18 5 28 20 8 4 19
split_gain=75.8132 31.8259 21.584 15.9803 15.7581 15.512 14.6135 14.1711 14.0924 11.7791 11.2578 8.84859 5.75537
threshold=-1.1805999875068662 8.8145999908447283 0.81424999237060558 3.5829499959945683 2.0948499441146855 0.99574998021125805 -16.228500366210934 1.3475000262260439 2.4734500646591191 -0.50644999742507923 0.85374999046325695 50.077501296997077 -29.850850105285641
decision_type=2 2 2 2 2 2 2 2 2 2 2 2 2
left_child=3 2 8 6 -4 -3 10 -7 -2 -8 -1 12 -5
right_child=1 5 4 11 -6 7 9 -9 -10 -11 -12 -13 -14
leaf_value=-0.00051970520290946264 -0.00033708677842355641 0.021277483219510337 -0.0032106621657531824 0.0063269687030300505 0.0051308692096676146 0.00017140826594130485 0.0050748396540683527 0.01481434974660199 0.0067379009763176368 -0.0054076217068324377 0.0081662232198566539 -0.0013660328516444749 0.01418423978528322
leaf_weight=540.05935551226139 727.84958250820637 25.104281052947044 2516.0632493942976 91.100614860653877 91.301214054226875 105.71782884001732 799.5495698004961 35.605839625000954 131.3836591988802 42.678312495350838 65.810315936803818 26.138696506619453 89.668124035000801
leaf_count=2165 2914 101 10069 366 366 424 3207 143 526 171 264 105 360
internal_value=0 -0.00158654 -0.00200183 0.00357642 -0.00290905 0.00690457 0.00280924 0.00407932 0.000728061 0.00451416 0.000402717 0.00881019 0.0103911
internal_weight=0 3633.03 3466.6 1655 2607.36 166.428 1448.1 141.324 859.233 842.228 605.87 206.907 180.769
internal_count=21181 14543 13875 6638 10435 668 5807 567 3440 3378 2429 831 726
is_linear=0
shrinkage=0.02


Tree=14
num_leaves=15
num_cat=0
split_feature=6 19 24 7 23 15 7 19 6 7 23 23 6 7
split_gain=38.8461 31.9932 23.8535 19.8435 17.9536 17.7278 17.4089 20.7418 15.7619 19.3633 13.9727 13.3125 13.681 5.54696
threshold=1.0415999889373782 -3.0315500497817989 0.64175000786781322 1.4671500325202944 -0.85855001211166371 2.0948499441146855 1.2456499934196474 -13.327250003814695 0.31755000352859503 0.4033499956130982 -12.696849822998045 -12.696849822998045 1.1675500273704531 0.46745000779628759
decision_type=2 2 2 2 2 2 2 2 2 2 2 2 2 2
left_child=1 8 4 6 -3 -4 10 -8 13 -10 -2 -5 -13 -1
right_child=3 2 5 11 -6 -7 7 -9 9 -11 -12 12 -14 -15
leaf_value=-0.001583478929017255 -0.0076870156176031728 0.0066790404000508464 -0.0027472007544301685 0.0125257227197152 -0.0093877435053257938 0.0073814486671046186 0.024048474856390802 0.0064993361761599708 0.013812600565238711 0.0017534917128648965 0.0049454916182840852 0.009389399965303467 -0.003556657679401417 -0.011586807365703333
leaf_weight=61.137662872672081 35.871102854609489 189.89360772073269 2643.2380781769753 27.628641456365585 30.745002627372742 69.019632503390312 41.330511689186096 91.053634405136108 55.316668748855591 1267.2755613029003 456.9475659430027 36.174252465367317 241.8868600577116 40.20157128572464
leaf_count=245 144 761 10579 111 123 277 166 365 222 5079 1833 145 970 161
internal_value=0 -0.000762865 -0.00196 0.00373583 0.00431771 -0.00247946 0.00577707 0.0122674 0.0016885 0.00228302 0.0039718 -0.000378973 -0.00177317 -0.0058217
internal_weight=0 4356.83 2932.9 930.893 220.639 2712.26 625.203 132.384 1423.93 1322.59 492.819 305.69 278.061 101.339
internal_count=21181 17447 11740 3734 884 10856 2508 531 5707 5301 1977 1226 1115 406
is_linear=0
shrinkage=0.02


Tree=15
num_leaves=14
num_cat=0
split_feature=1 19 23 19 19 21 23 5 24 21 13 5 13
split_gain=29.8911 19.3248 24.4624 18.54 16.125 13.1904 13.156 28.0324 13.1 17.0468 12.4463 10.2791 9.98491
threshold=1.0974999666213991 7.1849000453948983 -0.84569999575614918 2.1513500213623051 -23.590550422668453 8.8145999908447283 -4.9404499530792227 1.3094999790191653 14.446099758148195 8.8145999908447283 0.0054985000751912603 2.9874999523162846 0.0085104997269809263
decision_type=2 2 2 2 2 2 2 2 2 2 2 2 2
left_child=1 2 4 -4 -1 10 7 12 9 -8 -3 -9 -2
right_child=6 5 3 -5 -6 -7 8 11 -10 -11 -12 -13 -14
leaf_value=-0.0057174327724387394 0.0028380226886092798 0.00074089735432780377 -0.0071909449991243955 0.0015700830325719626 0.0013167588809065622 0.0088990333035685616 0.00042715867640410093 0.00088041240263772428 -0.011900035333425197 0.0086317634091975289 -0.0055706102299198654 -0.0089622932700189981 0.0093968663869737745
leaf_weight=139.48186387121677 153.12994007766247 148.46031883358955 306.69553308188915 135.48026898503304 1696.1557796746492 29.386302039027214 1349.7906844615936 211.44397602975368 30.68490332365036 109.258026689291 636.5411816239357 51.390392377972603 289.35491009056568
leaf_count=559 614 594 1227 542 6795 118 5406 848 123 439 2547 206 1162
internal_value=0 -0.00119525 -0.000239944 -0.004464 0.000768551 -0.00383909 0.00185561 0.00411054 0.000772554 0.00106073 -0.0043521 -0.000994941 0.00718367
internal_weight=0 3092.2 2277.81 442.176 1835.64 814.388 2195.05 705.319 1489.73 1459.05 785.002 262.834 442.485
internal_count=21180 12382 9123 1769 7354 3259 8798 2830 5968 5845 3141 1054 1776
is_linear=0
shrinkage=0.02


end of trees

feature_importances:
Column_7=25
Column_19=21
Column_6=19
Column_13=16
Column_21=16
Column_28=16
Column_23=14
Column_9=12
Column_20=11
Column_1=9
Column_5=7
Column_15=7
Column_17=6
Column_22=6
Column_24=6
Column_16=5
Column_18=5
Column_27=5
Column_8=3
Column_14=3
Column_0=2
Column_4=2
Column_12=2
Column_25=1

parameters:
[boosting: gbdt]
[objective: binary]
[metric: auc]
[tree_learner: serial]
[device_type: cpu]
[data_sample_strategy: bagging]
[data: ]
[valid: ]
[num_iterations: 2000]
[learning_rate: 0.02]
[num_leaves: 16]
[num_threads: 0]
[seed: 42]
[deterministic: 0]
[force_col_wise: 0]
[force_row_wise: 0]
[histogram_pool_size: -1]
[max_depth: 4]
[min_data_in_leaf: 100]
[min_sum_hessian_in_leaf: 0.001]
[bagging_fraction: 0.7]
[pos_bagging_fraction: 1]
[neg_bagging_fraction: 1]
[bagging_freq: 5]
[bagging_seed: 400]
[feature_fraction: 0.5]
[feature_fraction_bynode: 1]
[feature_fraction_seed: 30056]
[extra_trees: 0]
[extra_seed: 12879]
[early_stopping_round: 0]
[early_stopping_min_delta: 0]
[first_metric_only: 0]
[max_delta_step: 0]
[lambda_l1: 1]
[lambda_l2: 1]
[linear_lambda: 0]
[min_gain_to_split: 0]
[drop_rate: 0.1]
[max_drop: 50]
[skip_drop: 0.5]
[xgboost_dart_mode: 0]
[uniform_drop: 0]
[drop_seed: 17869]
[top_rate: 0.2]
[other_rate: 0.1]
[min_data_per_group: 100]
[max_cat_threshold: 32]
[cat_l2: 10]
[cat_smooth: 10]
[max_cat_to_onehot: 4]
[top_k: 20]
[monotone_constraints: ]
[monotone_constraints_method: basic]
[monotone_penalty: 0]
[feature_contri: ]
[forcedsplits_filename: ]
[refit_decay_rate: 0.9]
[cegb_tradeoff: 1]
[cegb_penalty_split: 0]
[cegb_penalty_feature_lazy: ]
[cegb_penalty_feature_coupled: ]
[path_smooth: 0]
[interaction_constraints: ]
[verbosity: -1]
[saved_feature_importance_type: 0]
[use_quantized_grad: 0]
[num_grad_quant_bins: 4]
[quant_train_renew_leaf: 0]
[stochastic_rounding: 1]
[linear_tree: 0]
[max_bin: 255]
[max_bin_by_feature: ]
[min_data_in_bin: 3]
[bin_construct_sample_cnt: 200000]
[data_random_seed: 175]
[is_enable_sparse: 1]
[enable_bundle: 1]
[use_missing: 1]
[zero_as_missing: 0]
[feature_pre_filter: 1]
[pre_partition: 0]
[two_round: 0]
[header: 0]
[label_column: ]
[weight_column: ]
[group_column: ]
[ignore_column: ]
[categorical_feature: ]
[forcedbins_filename: ]
[precise_float_parser: 0]
[parser_config_file: ]
[objective_seed: 16083]
[num_class: 1]
[is_unbalance: 0]
[scale_pos_weight: 1]
[sigmoid: 1]
[boost_from_average: 1]
[reg_sqrt: 0]
[alpha: 0.9]
[fair_c: 1]
[poisson_max_delta_step: 0.7]
[tweedie_variance_power: 1.5]
[lambdarank_truncation_level: 30]
[lambdarank_norm: 1]
[label_gain: ]
[lambdarank_position_bias_regularization: 0]
[eval_at: ]
[multi_error_top_k: 1]
[auc_mu_weights: ]
[num_machines: 1]
[local_listen_port: 12400]
[time_out: 120]
[machine_list_filename: ]
[machines: ]
[gpu_platform_id: -1]
[gpu_device_id: -1]
[gpu_use_dp: 0]
[num_gpu: 1]

end of parameters

pandas_categorical:null
