tree
version=v4
num_class=1
num_tree_per_iteration=1
label_index=0
max_feature_idx=39
objective=binary sigmoid:1
feature_names=Column_0 Column_1 Column_2 Column_3 Column_4 Column_5 Column_6 Column_7 Column_8 Column_9 Column_10 Column_11 Column_12 Column_13 Column_14 Column_15 Column_16 Column_17 Column_18 Column_19 Column_20 Column_21 Column_22 Column_23 Column_24 Column_25 Column_26 Column_27 Column_28 Column_29 Column_30 Column_31 Column_32 Column_33 Column_34 Column_35 Column_36 Column_37 Column_38 Column_39
feature_infos=[-5.9695000648498535:5.3685002326965332] [0.10329999774694443:14.752799987792969] [0:100] [0:95.52239990234375] [0:100] [0.094999998807907104:16.659999847412109] [0.076999999582767487:2.4367001056671143] [0.15870000422000885:1.9140000343322754] [-8.8650999069213867:8.1295995712280273] [-19.096700668334961:14.208499908447266] [-42.180198669433594:24.32819938659668] [-10.92389965057373:11.605799674987793] [-19.183700561523438:16.805400848388672] [0:1] [0:23] [0:6] none none none none none [-6.6104998588562012:5.2831997871398926] [-11.866299629211426:6.4052000045776367] [-18.96980094909668:8.3635997772216797] [-2527.188232421875:1465.499755859375] [-2224.08544921875:1326.6866455078125] [-19.294500350952148:3.2100999355316162] [-3.0864999294281006:14.901900291442871] [0.31119999289512634:25.882200241088867] [-19.875600814819336:0] [0:19.024099349975586] [-11:13] [0:2] [-4.8175997734069824:3.4693999290466309] [-6.757199764251709:6.1848001480102539] [-14.92389965057373:11.719599723815918] [1.0121389627456665:38.009624481201172] [-14.912030220031738:14.622958183288574] [0.22855038940906525:0.99173390865325928] [-5.5550999641418457:5.8580999374389648]
tree_sizes=994 992 991 993 992 994 990 988 991 990 989 984 983 777 985 974 974 993 990 990 762 968 988 984 971 667 770 673 674 766 992 968 986 772 768 1000 997 998 993 991 986 954 988 969 775 887 976 995 861 985 997 989 988 965 997 991 761 975 994 886 994 995 892 993 970 994 882 995 886 989 978 978 982 973 981 990 883 754 983 884 968 992 983 992 670 1001 779 996 883 768 974 960 774 772 987 999 997 888 668 993

Tree=0
num_leaves=8
num_cat=0
split_feature=27 38 10 5 11 28 37
split_gain=32.5921 27.4292 18.287 17.4285 15.1634 14.3242 11.2458
threshold=1.1998499631881716 0.90834900736808788 5.9858999252319345 0.88250002264976513 2.1797999143600468 5.1617999076843271 -1.3185315728187559
decision_type=8 10 8 10 2 10 8
left_child=1 3 5 -1 -4 -2 -3
right_child=2 6 4 -5 -6 -7 -8
leaf_value=-0.035046278583463306 -0.037005752378830574 -0.0050889952027777623 -0.036084837194373248 -0.02533978883039649 -0.055768780149067138 -0.028105283220255843 -0.023652166924425774
leaf_weight=339.41239932179451 512.86763137578964 56.485421389341354 78.479744762182236 320.66723735630512 70.981679975986481 233.93962132930756 76.730196312069893
leaf_count=1358 2052 226 314 1283 284 936 307
internal_value=-0.0321299 -0.0278055 -0.0361487 -0.0303731 -0.0457274 -0.0341759 -0.0154148
internal_weight=0 793.295 896.269 660.08 149.461 746.807 133.216
internal_count=6760 3174 3586 2641 598 2988 533
is_linear=0
shrinkage=1


Tree=1
num_leaves=8
num_cat=0
split_feature=12 5 11 26 9 39 12
split_gain=35.314 36.4703 29.7455 24.2128 18.1605 16.8623 14.726
threshold=0.89855000376701366 0.71150001883506786 -3.1551499366760249 -3.310150027275085 -2.5046499967575069 0.55320000648498546 -3.0582499504089351
decision_type=2 10 2 8 10 10 2
left_child=2 5 6 -4 -3 -2 -1
right_child=1 4 3 -5 -6 -7 -8
leaf_value=-0.0026403759735767335 -0.011001414896518539 0.015228481504260221 0.018250740090646197 0.0038210096851940198 -0.0022038733954505706 -0.037494701284552061 -0.02402826239299069
leaf_weight=160.96253442764282 261.16175855696201 62.238628685474396 125.97700467705727 663.81552019715309 355.39365214109421 24.239968657493591 35.741608411073685
leaf_count=644 1045 249 504 2656 1422 97 143
internal_value=0 -0.00523119 0.00356175 0.00618075 0.000352533 -0.0134794 -0.00678023
internal_weight=0 703.034 986.497 789.793 417.632 285.402 196.704
internal_count=6760 2813 3947 3160 1671 1142 787
is_linear=0
shrinkage=0.03


Tree=2
num_leaves=8
num_cat=0
split_feature=12 5 11 26 11 11 6
split_gain=33.2431 34.3749 28.0406 22.7784 14.2769 13.8937 13.6606
threshold=0.89855000376701366 0.71150001883506786 -3.1551499366760249 -3.310150027275085 -1.5532499551773069 -5.8274500370025626 0.27429999411106115
decision_type=2 10 2 8 2 2 10
left_child=2 6 5 -4 -3 -1 -2
right_child=1 4 3 -5 -6 -7 -8
leaf_value=0.0057032602566512419 0.0086027490004756939 0.013181770667024639 0.017704813288660991 0.0037063309488676701 -0.0019821753279892149 -0.011632842056489378 -0.015015171449361969
leaf_weight=55.485430955886841 21.737873613834381 65.237205892801285 125.99614773690701 663.85449641942978 352.39020116627216 141.19414010643959 263.57810370624065
leaf_count=222 87 261 504 2656 1410 565 1055
internal_value=0 -0.00507773 0.00345371 0.00599685 0.000340738 -0.00658627 -0.0130872
internal_weight=0 702.943 986.53 789.851 417.627 196.68 285.316
internal_count=6760 2813 3947 3160 1671 787 1142
is_linear=0
shrinkage=0.03


Tree=3
num_leaves=8
num_cat=0
split_feature=12 5 11 27 27 23 12
split_gain=31.281 32.3512 26.3833 27.9833 20.1933 15.7908 13.7011
threshold=0.89855000376701366 0.71150001883506786 -3.1551499366760249 1.0471500158309939 1.2238999605178835 -1.9372000098228452 -3.0582499504089351
decision_type=2 10 2 8 10 2 2
left_child=2 4 6 -4 -2 -3 -1
right_child=1 5 3 -5 -6 -7 -8
leaf_value=-0.0023886107335963904 -0.0041960418765174335 0.017499889559189356 0.012401134826431242 0.00090213850537516427 -0.020506644285103598 -0.0015776634467117156 -0.023027802523456094
leaf_weight=160.93628135323524 139.13401490449905 42.497268542647362 334.46297919750214 455.41936527192593 146.07302235066891 375.12598858773708 35.711850389838219
leaf_count=644 557 170 1338 1822 585 1501 143
internal_value=0 -0.00492475 0.00335147 0.00581866 -0.012697 0.000329168 -0.00638608
internal_weight=0 702.83 986.53 789.882 285.207 417.623 196.648
internal_count=6760 2813 3947 3160 1142 1671 787
is_linear=0
shrinkage=0.03


Tree=4
num_leaves=8
num_cat=0
split_feature=23 29 15 12 15 8 15
split_gain=29.7899 25.3839 24.0387 19.8662 19.1188 14.8872 9.54319
threshold=0.70325002074241649 -0.54774999618530262 1.0000000180025095e-35 2.5578500032424931 3.5000000000000004 0.64894998073577892 4.5000000000000009
decision_type=2 8 2 2 2 10 2
left_child=1 2 -1 5 -5 -2 -3
right_child=3 6 -4 4 -6 -7 -8
leaf_value=0.012389847635649931 0.0057924387589495417 0.0079756784374272281 -0.00035820931014273545 -0.018736469993477733 -0.00011491745074395447 -0.0080417919523358781 0.031711075497808168
leaf_weight=152.95011824369431 147.1921863257885 36.989319562911987 956.39400428533554 153.56069186329842 77.91870228946209 130.94792188704014 33.244963690638542
leaf_count=612 589 148 3827 615 312 524 133
internal_value=0 0.00252707 0.00138198 -0.00614488 -0.0126247 -0.000618699 0.0199193
internal_weight=0 1179.58 1109.34 509.62 231.479 278.14 70.2343
internal_count=6760 4720 4439 2040 927 1113 281
is_linear=0
shrinkage=0.03


Tree=5
num_leaves=8
num_cat=0
split_feature=5 8 32 28 38 21 38
split_gain=23.9395 21.3974 18.1164 16.9038 14.9312 13.2819 7.16797
threshold=0.53049999475479137 0.23494999855756762 1.5000000000000002 2.2784999608993535 0.95347353816032421 -0.37350000441074366 0.89696466922760021
decision_type=10 10 2 8 10 2 10
left_child=3 2 -2 6 -3 -5 -1
right_child=1 4 -4 5 -6 -7 -8
leaf_value=-2.8407144046471827e-05 0.0023376513745930949 -0.0042497401015474251 0.012679156347442048 0.0026086638135569282 0.01792972497069617 -0.012835951639231806 0.018130341226722687
leaf_weight=103.67778967320919 561.54846379160881 441.26869612932205 214.17338836193085 58.459094882011414 27.737459748983383 249.24853549897671 22.241461232304573
leaf_count=415 2247 1766 857 234 111 998 89
internal_value=0 0.00217462 0.00524417 -0.00600208 -0.00283884 -0.00980562 0.00306023
internal_weight=0 1244.73 775.722 433.627 469.006 307.708 125.919
internal_count=6717 4981 3104 1736 1877 1232 504
is_linear=0
shrinkage=0.03


Tree=6
num_leaves=8
num_cat=0
split_feature=27 11 9 5 34 38 3
split_gain=28.0367 15.5181 15.4033 15.0408 10.1488 10.1391 5.70219
threshold=1.0669499635696413 -3.1551499366760249 -2.6113499402999873 0.44550000131130224 -0.98460000753402699 0.82371491193771373 10.946350097656252
decision_type=8 2 10 10 8 8 2
left_child=1 5 -3 6 -5 -1 -2
right_child=3 2 -4 4 -6 -7 -8
leaf_value=-0.023091610311279674 -3.5859742825589522e-05 0.01761693760502234 0.0042140604417603032 0.012931230730943757 -0.0022621840431322595 -0.00054231589460106394 -0.013516658487971159
leaf_weight=23.478648021817207 40.196088895201683 92.226681023836136 537.33885072171688 40.48340979218483 714.54371082782745 78.703142583370209 151.29854944348335
leaf_count=94 161 369 2150 162 2860 315 606
internal_value=0 0.00446605 0.00624988 -0.003348 -0.00139183 -0.00618787 -0.0108577
internal_weight=0 731.747 629.566 946.522 755.027 102.182 191.495
internal_count=6717 2928 2519 3789 3022 409 767
is_linear=0
shrinkage=0.03


Tree=7
num_leaves=8
num_cat=0
split_feature=12 5 21 32 28 21 8
split_gain=23.8265 22.5986 16.2076 12.5959 19.7998 19.6325 12.1639
threshold=2.5239499807357793 0.5704999864101411 -0.36609999835491175 1.5000000000000002 1.6996999979019167 -0.13379999995231626 0.57655000686645519
decision_type=2 10 2 2 8 2 10
left_child=3 2 -2 4 -1 -5 -3
right_child=1 6 -4 5 -6 -7 -8
leaf_value=0.0098108460110328272 0.0040579741758115344 0.0024352794089562051 -0.021029364381440895 0.013810992492288385 -0.0020221283159691044 0.0001544301738473963 -0.010772134665783722
leaf_weight=154.70625565946102 26.468617618083954 217.8739842325449 110.94797529280186 182.17982394993305 694.18122072517872 205.65199641883373 86.146059677004814
leaf_count=619 106 872 445 729 2778 823 345
internal_value=0 -0.00591827 -0.015986 0.00219248 0.00010809 0.00666563 -0.00123182
internal_weight=0 441.437 137.417 1236.72 848.887 387.832 304.02
internal_count=6717 1768 551 4949 3397 1552 1217
is_linear=0
shrinkage=0.03


Tree=8
num_leaves=8
num_cat=0
split_feature=27 12 11 12 11 12 34
split_gain=25.2483 27.9987 19.3329 14.8411 19.0239 12.5897 9.39808
threshold=1.0669499635696413 2.8950999975204472 3.5879999399185185 0.70875000953674328 -3.1551499366760249 1.4041500091552737 0.25059999525547033
decision_type=8 2 2 2 2 2 10
left_child=3 2 -2 4 -1 -5 -3
right_child=1 6 -4 5 -6 -7 -8
leaf_value=-0.0045586693012713 -0.0014236113333112727 -0.0073136305681360458 0.02076409283753507 -0.012990324373983239 0.011261434760237917 0.0022215783420354777 -0.020596890813114794
leaf_weight=82.684614211320877 683.86016362905502 143.64196333289146 36.23225112259388 58.983028054237366 328.67904624342918 261.35521538555622 82.559577167034149
leaf_count=331 2737 576 145 236 1315 1046 331
internal_value=0 -0.00317832 -0.000238362 0.00423748 0.00800548 -0.000517699 -0.0123631
internal_weight=0 946.294 720.092 731.702 411.364 320.338 226.202
internal_count=6717 3789 2882 2928 1646 1282 907
is_linear=0
shrinkage=0.03


Tree=9
num_leaves=8
num_cat=0
split_feature=5 28 34 7 31 39 36
split_gain=20.8446 15.0473 14.2988 16.3152 10.8516 9.20781 7.06697
threshold=0.53049999475479137 2.2784999608993535 0.23044999688863757 0.38199999928474432 -1.4999999999999998 0.25045000016689306 8.8593883514404315
decision_type=10 8 8 8 2 10 8
left_child=1 6 3 -2 -3 -4 -1
right_child=2 4 5 -5 -6 -7 -8
leaf_value=0.016215024203772167 0.018296713720152492 0.0010255813388593174 0.00072917640799200888 0.0034077527857795426 -0.012185928847782267 -0.0082059220528888817 -0.00055538163523790977
leaf_weight=27.230587646365166 77.47030982375145 67.380769312381744 540.45996104180813 500.22968123853207 240.03355614840984 126.345085054636 98.654237017035484
leaf_count=109 310 270 2163 2002 962 506 395
internal_value=0 -0.00560598 0.00202621 0.00548439 -0.00919895 -0.00092866 0.00293505
internal_weight=0 433.299 1244.51 577.7 307.414 666.805 125.885
internal_count=6717 1736 4981 2312 1232 2669 504
is_linear=0
shrinkage=0.03


Tree=10
num_leaves=8
num_cat=0
split_feature=12 26 7 7 2 27 11
split_gain=28.6354 22.0607 15.2054 14.604 12.8463 12.4842 10.3866
threshold=4.5630500316619882 -1.8701499700546262 0.61230000853538524 0.93250000476837169 20.462550163269047 1.1998499631881716 4.0379998683929452
decision_type=2 10 10 10 2 8 2
left_child=2 4 5 -4 -2 -1 -3
right_child=1 6 3 -5 -6 -7 -8
leaf_value=0.0026387925593797253 -0.018966481229291728 -0.022787013339601182 0.0083720335141342084 -0.0031132979133183529 0.0069963630716914872 -0.0043916711236261308 -0.0014139456646183931
leaf_weight=519.75489854812622 20.966045379638672 94.237427338957787 444.1711113601923 123.41724745929241 75.388524934649467 400.87557980418205 30.155795976519585
leaf_count=2080 84 378 1778 494 302 1605 121
internal_value=0 -0.0095893 0.00196002 0.0058208 0.000902097 -0.000391416 -0.0178975
internal_weight=0 220.748 1488.22 567.588 96.3546 920.63 124.393
internal_count=6842 885 5957 2272 386 3685 499
is_linear=0
shrinkage=0.03


Tree=11
num_leaves=8
num_cat=0
split_feature=12 2 5 12 10 34 10
split_gain=26.9959 16.48 17.5669 14.8916 17.3529 14.6989 3.89193
threshold=4.5630500316619882 20.462550163269047 0.71650001406669628 -5.2639999389648429 -5.329699993133544 0.31790000200271612 2.8254499435424809
decision_type=2 2 10 2 10 8 10
left_child=3 6 -3 4 -1 -5 -2
right_child=1 2 -4 5 -6 -7 -8
leaf_value=0.0026485582529936517 -0.010667894280900304 -0.016110261426552641 0.003235894814365258 0.0036884855721671756 0.018045143507122486 -0.0029990450658054753 -0.031511155318888498
leaf_weight=209.14262415468693 19.952324002981186 69.432673588395119 100.37367042899132 592.5928839892149 99.7057274132967 586.77227263152599 30.876597866415977
leaf_count=837 80 279 402 2372 399 2349 124
internal_value=0 -0.00931548 -0.00454699 0.00190069 0.00775807 0.000336085 -0.0242719
internal_weight=0 220.635 169.806 1488.21 308.848 1179.37 50.8289
internal_count=6842 885 681 5957 1236 4721 204
is_linear=0
shrinkage=0.03


Tree=12
num_leaves=8
num_cat=0
split_feature=12 22 11 5 10 11 14
split_gain=25.4733 18.5611 15.2963 14.2469 13.6625 8.49833 6.79391
threshold=4.5630500316619882 -3.321849942207336 0.08260000124573709 0.70649999380111705 -1.4296500086784361 2.7623000144958501 13.500000000000002
decision_type=2 2 2 10 10 2 2
left_child=1 6 -3 5 -5 -2 -1
right_child=3 2 -4 4 -6 -7 -8
leaf_value=0.032717524838670596 -0.026008761527012356 -0.0015401782616407192 0.0046685072442197864 0.014218251267985571 -0.0080803175596066788 -0.006337050925259516 0.0082686543972595918
leaf_weight=21.235255211591721 52.703309834003448 801.23749059438705 636.76353049278259 31.722141295671463 95.843980938196182 40.228150635957718 28.974632650613785
leaf_count=85 212 3207 2549 127 384 162 116
internal_value=0 0.0018447 0.00118959 -0.00905337 -0.00223448 -0.0179708 0.0196316
internal_weight=0 1488.21 1438 220.498 127.566 92.9315 50.2099
internal_count=6842 5957 5756 885 511 374 201
is_linear=0
shrinkage=0.03


Tree=13
num_leaves=6
num_cat=0
split_feature=22 5 38 35 14
split_gain=22.1013 14.0993 18.7468 10.3247 6.58046
threshold=-3.321849942207336 0.60150000452995311 0.94943881034851085 -3.560150027275085 13.500000000000002
decision_type=2 10 10 8 2
left_child=4 3 -3 -2 -1
right_child=1 2 -4 -5 -6
leaf_value=0.031918584773456951 -0.022765399594195653 0.00077470738296233038 0.017879376440152393 -0.0031231736055418423 0.0083014788938721908
leaf_weight=22.474208042025566 24.970976963639259 1040.7828428149223 60.460365280508995 530.1643036454916 29.720939159393311
leaf_count=90 100 4166 242 2125 119
internal_value=0 -0.000189581 0.00175637 -0.00410001 0.0194434
internal_weight=0 1656.38 1101.24 555.135 52.1951
internal_count=6842 6633 4408 2225 209
is_linear=0
shrinkage=0.03


Tree=14
num_leaves=8
num_cat=0
split_feature=12 22 2 29 35 38 10
split_gain=24.0436 16.4995 15.5765 17.029 12.848 5.53241 3.54883
threshold=4.5630500316619882 -3.321849942207336 20.462550163269047 -2.4330000877380367 -1.0728499889373777 0.88410377502441417 2.8254499435424809
decision_type=2 2 2 10 10 10 10
left_child=1 5 6 -4 -3 -1 -2
right_child=2 4 3 -5 -6 -7 -8
leaf_value=0.0084696799757067523 -0.010247231637083534 -0.0015796548294019408 0.0061238488454934742 -0.012738991834266649 0.0040723994909779128 0.031005230082610843 -0.030325138609183708
leaf_weight=29.965147435665131 19.933547005057335 735.46320797502995 75.576504170894623 94.04552349448204 702.51368072628975 20.206459149718285 30.781622096896172
leaf_count=120 80 2944 303 378 2812 81 124
internal_value=0 0.00178049 -0.00881069 -0.00417204 0.00116168 0.0185606 -0.0233644
internal_weight=0 1488.15 220.337 169.622 1437.98 50.1716 50.7152
internal_count=6842 5957 885 681 5756 201 204
is_linear=0
shrinkage=0.03


Tree=15
num_leaves=8
num_cat=0
split_feature=27 14 15 10 11 35 35
split_gain=24.4631 23.1664 31.3289 21.2875 18.3104 15.4761 12.3314
threshold=1.1998499631881716 15.500000000000002 1.0000000180025095e-35 3.9156500101089482 2.1304500102996831 -0.32819999754428858 0.93834999203681957
decision_type=8 2 2 8 2 10 8
left_child=1 2 -1 6 -5 -3 -2
right_child=3 5 -4 4 -6 -7 -8
leaf_value=0.017969853565304453 0.0035240377095993218 0.015909214972669217 -0.0026248397149277124 -0.0037348366484570017 -0.021183414684620726 0 -0.0046373291678145105
leaf_weight=76.4358811378479 324.666876912117 182.84353077411652 466.85715800523758 134.67709012329578 96.480370163917542 76.695186197757721 337.88342033326626
leaf_count=306 1300 732 1869 540 388 307 1353
internal_value=0 0.00382911 0.000245201 -0.00338161 -0.0112066 0.0111864 -0.000593552
internal_weight=0 802.832 543.293 893.708 231.157 259.539 662.55
internal_count=6795 3214 2175 3581 928 1039 2653
is_linear=0
shrinkage=0.03


Tree=16
num_leaves=8
num_cat=0
split_feature=30 12 14 22 30 10 38
split_gain=25.3825 29.1665 25.5429 23.3416 22.1543 14.3481 9.90912
threshold=1.9870500564575198 2.8950999975204472 15.500000000000002 -0.56235000491142262 0.63644999265670787 -4.0986001491546622 0.7693113684654237
decision_type=10 2 2 2 8 10 8
left_child=2 5 4 -4 -1 -2 -3
right_child=1 6 3 -5 -6 -7 -8
leaf_value=-0.0089519800288701493 -0.0061030882396659759 0 0.018853445394342944 0.0020264114868252026 0.0034529001275431224 0.0034400027108870295 -0.017472789811898575
leaf_weight=180.85927717387676 247.58659589290619 32.570394605398178 150.3150998800993 154.84280872344971 449.24254147708416 326.77368602156639 154.11271165311337
leaf_count=724 991 131 602 620 1799 1308 620
internal_value=0 -0.00403586 0.00333802 0.0104476 -6.87022e-05 -0.000625006 -0.0143108
internal_weight=0 761.043 935.26 305.158 630.102 574.36 186.683
internal_count=6795 3050 3745 1222 2523 2299 751
is_linear=0
shrinkage=0.03


Tree=17
num_leaves=8
num_cat=0
split_feature=23 11 23 14 14 14 21
split_gain=26.9328 26.1046 20.9717 20.0458 18.3907 11.4999 6.76021
threshold=1.4239000082015993 -3.1551499366760249 -0.75265002250671376 12.500000000000002 18.500000000000004 4.5000000000000009 0.94054999947547924
decision_type=2 2 2 2 2 2 2
left_child=1 2 -1 -3 5 -2 -6
right_child=4 3 -4 -5 6 -7 -8
leaf_value=-0.0031615747587896426 -0.016545648982123472 -2.8821369783948353e-05 -0.02758851125381891 0.0077921673479840695 -0.030841924580234398 -9.7593193530819597e-05 -0.0092154051504602635
leaf_weight=200.26439368724823 49.574606597423553 623.03900572657585 37.674496799707413 546.42655502259731 37.438402906060219 172.76293389499187 28.884623467922211
leaf_count=802 199 2495 151 2188 151 693 116
internal_value=0 0.00174266 -0.00725409 0.0036034 -0.00830165 -0.00395701 -0.0221457
internal_weight=0 1407.4 237.939 1169.47 288.661 222.338 66.323
internal_count=6795 5636 953 4683 1159 892 267
is_linear=0
shrinkage=0.03


Tree=18
num_leaves=8
num_cat=0
split_feature=30 32 22 30 11 30 35
split_gain=22.8946 23.415 22.1807 20.9221 9.58119 27.5004 18.8512
threshold=1.9870500564575198 1.5000000000000002 -0.56235000491142262 0.63644999265670787 -2.8473000526428218 5.5350999832153329 0.81755000352859508
decision_type=10 2 2 8 2 10 8
left_child=1 3 -3 -1 5 -2 -6
right_child=4 2 -4 -5 6 -7 -8
leaf_value=-0.0087272539258161815 -0.017629708820652255 0.018170298415590563 0.0017651388527266468 0.003327269252098251 0.0052822978155278076 0.01683400594794553 -0.0058087533863615849
leaf_weight=180.85386253893375 109.81074938178062 150.22631785273552 154.83931800723076 449.24280908703804 200.3155347853899 23.968757644295692 426.58215643465519
leaf_count=724 440 602 620 1799 803 96 1711
internal_value=0 0.00316601 0.00997468 -9.34972e-05 -0.0038383 -0.0111533 -0.00221423
internal_weight=0 935.162 305.066 630.097 760.677 133.78 626.898
internal_count=6795 3745 1222 2523 3050 536 2514
is_linear=0
shrinkage=0.03


Tree=19
num_leaves=8
num_cat=0
split_feature=23 11 23 12 7 32 34
split_gain=24.8206 24.1493 19.2792 17.7927 19.4241 16.629 5.51472
threshold=1.4239000082015993 -3.1551499366760249 -0.75265002250671376 2.8950999975204472 0.82664999365806591 1.5000000000000002 0.25059999525547033
decision_type=2 2 2 2 10 2 10
left_child=1 2 -1 4 -2 -3 -5
right_child=3 5 -4 6 -6 -7 -8
leaf_value=-0.0030561464059655789 0.003060028558603984 0.0010000590889369442 -0.026508139271572778 -0.010145638870817103 -0.025145173119178459 0.0087641850211869366 -0.024273773973630435
leaf_weight=200.21522663533688 137.85975190997124 803.67491133511066 37.601983487606049 73.123015448451042 24.971176937222481 365.67978821694851 52.501031890511513
leaf_count=802 552 3218 151 295 100 1465 212
internal_value=0 0.00166895 -0.0069853 -0.00797648 -0.00120939 0.0034591 -0.0164321
internal_weight=0 1407.17 237.817 288.455 162.831 1169.35 125.624
internal_count=6795 5636 953 1159 652 4683 507
is_linear=0
shrinkage=0.03


Tree=20
num_leaves=6
num_cat=0
split_feature=26 11 37 26 1
split_gain=15.7614 10.4762 18.0478 16.2036 10.3212
threshold=0.30409999191761022 -3.1551499366760249 -0.42534938454627985 -3.6373000144958492 1.6980499625205996
decision_type=8 2 10 10 2
left_child=1 2 -1 -3 -2
right_child=4 3 -4 -5 -6
leaf_value=0 -0.027111949189467063 0.0094067230706122804 -0.017314670961923524 -6.5393539675767225e-05 -0.00049750143325889363
leaf_weight=162.96488527953625 31.172332972288132 185.81918148696423 78.263294085860252 1204.7628317326307 26.205769836902618
leaf_count=653 125 745 314 4829 105
internal_value=0 0.00016466 -0.0055718 0.00118463 -0.0156872
internal_weight=0 1631.81 241.228 1390.58 57.3781
internal_count=6771 6541 967 5574 230
is_linear=0
shrinkage=0.03


Tree=21
num_leaves=8
num_cat=0
split_feature=27 3 5 10 11 3 7
split_gain=21.3351 22.0967 15.4512 14.7064 20.3215 9.98282 9.54317
threshold=1.2927500009536745 10.534399986267092 0.62149998545646679 3.9959499835968022 3.5879999399185185 1.6935999989509585 0.70695000886917125
decision_type=8 2 10 8 2 2 10
left_child=1 5 -3 4 -2 -1 -5
right_child=3 2 -4 6 -6 -7 -8
leaf_value=0.0043161153792470007 -0.0028970412082900241 -0.00064726930712216777 0.0090819162534148245 -0.014140280317377787 0.018293794725883678 -0.0095508570346269309 0
leaf_weight=63.40558847784996 575.10286971926689 215.63278153538704 424.93084242939949 162.16772747039795 42.618389457464218 150.5827926248312 54.602512091398239
leaf_count=254 2304 864 1702 653 171 603 220
internal_value=0 0.00295515 0.00576412 -0.00378091 -0.00135933 -0.00530151 -0.0105059
internal_weight=0 854.552 640.564 834.491 617.721 213.988 216.77
internal_count=6771 3423 2566 3348 2475 857 873
is_linear=0
shrinkage=0.03


Tree=22
num_leaves=8
num_cat=0
split_feature=27 3 14 10 10 3 24
split_gain=20.0681 20.7809 15.2237 13.851 15.1327 9.40808 8.91581
threshold=1.2927500009536745 10.534399986267092 10.500000000000002 3.9959499835968022 -1.9484500288963316 1.6935999989509585 34.656049728393562
decision_type=8 2 2 8 10 2 2
left_child=1 5 -3 4 -2 -1 -5
right_child=3 2 -4 6 -6 -7 -8
leaf_value=0.0041887660183410544 -0.0053080159697886722 -0.00014116785632300831 0.0092423230322979683 -0.013505394842096119 0.0041756561981397223 -0.0092659134236801142 0.00039621311148915013
leaf_weight=63.403715178370476 360.89917075634003 246.429359421134 394.07348480820656 167.01853592693806 256.8045466542244 150.58773827552795 49.59292508661747
leaf_count=254 1446 987 1579 673 1029 603 200
internal_value=0 0.00286576 0.00559073 -0.00366757 -0.0013164 -0.00513893 -0.0101976
internal_weight=0 854.494 640.503 834.315 617.704 213.991 216.611
internal_count=6771 3423 2566 3348 2475 857 873
is_linear=0
shrinkage=0.03


Tree=23
num_leaves=8
num_cat=0
split_feature=5 12 3 26 26 6 3
split_gain=19.9643 23.6216 18.8019 22.7624 17.1045 15.731 9.93774
threshold=0.62149998545646679 0.70875000953674328 10.326399803161623 0.30409999191761022 -6.5107500553131095 0.27875000238418585 1.6935999989509585
decision_type=10 2 2 8 10 10 2
left_child=1 4 6 -4 -1 -3 -2
right_child=2 5 3 -5 -6 -7 -8
leaf_value=-0.024477016892302954 0.004815397891487984 0.011832206552354235 0.0053815296311633806 -0.017377427419050625 0.0020378235941709952 -0.01437504920970618 -0.0083379944598390727
leaf_weight=22.470270857214928 66.136138051748276 20.702580347657204 798.98780079185963 40.101557746529579 321.84119077026844 221.58553178608418 196.72637143731117
leaf_count=90 265 83 3202 161 1289 893 788
internal_value=0 -0.00481532 0.00202689 0.00423874 0.000154675 -0.011973 -0.0049092
internal_weight=0 586.6 1101.95 839.089 344.311 242.288 262.863
internal_count=6771 2355 4416 3363 1379 976 1053
is_linear=0
shrinkage=0.03


Tree=24
num_leaves=8
num_cat=0
split_feature=5 3 27 29 6 23 10
split_gain=18.783 17.6776 19.4862 15.2061 9.88033 10.7577 3.19418
threshold=0.62149998545646679 10.326399803161623 1.1998499631881716 -6.9412999153137198 0.27875000238418585 -1.1477000117301939 0.20069999992847445
decision_type=10 2 8 10 8 2 10
left_child=4 3 -3 -2 6 -6 -1
right_child=1 2 -4 -5 5 -7 -8
leaf_value=0 0.019265021693966617 0.0088477445808913292 -0.0002309576266634837 -0.0069555252720720807 0.00062994733951653224 -0.0085429362703307501 0.015687002972118159
leaf_weight=22.735668659210205 20.220051378011703 404.02168418467045 435.03903494775295 242.62016458809376 155.46360838413239 384.46003605425358 23.704145327210426
leaf_count=91 81 1619 1744 972 623 1546 95
internal_value=0 0.00196493 0.00411021 -0.00475933 -0.00467257 -0.00584999 0.00821879
internal_weight=0 1101.9 839.061 262.84 586.363 539.924 46.4398
internal_count=6771 4416 3363 1053 2355 2169 186
is_linear=0
shrinkage=0.03


Tree=25
num_leaves=5
num_cat=0
split_feature=22 26 12 3
split_gain=21.3083 24.7057 21.549 1.93865
threshold=-3.321849942207336 -7.1184999942779532 0.89855000376701366 14.063449859619142
decision_type=2 10 2 2
left_child=3 -2 -3 -1
right_child=1 2 -4 -5
leaf_value=0.010270693640929649 -0.024399443859202969 0.0031511064678449601 -0.0038844941081740488 0.027049386551776963
leaf_weight=21.175938561558723 36.694326743483543 925.46324607729912 677.30839109420776 24.121872290968895
leaf_count=85 147 3707 2721 97
internal_value=0 -0.00038722 0.000158688 0.0202449
internal_weight=0 1639.47 1602.77 45.2978
internal_count=6757 6575 6428 182
is_linear=0
shrinkage=0.03


Tree=26
num_leaves=6
num_cat=0
split_feature=22 28 30 23 38
split_gain=20.1613 17.1762 20.5389 9.38168 4.099
threshold=-3.321849942207336 9.3131499290466326 5.4125499725341806 -4.1907999515533438 0.88342607021331798
decision_type=2 8 8 2 10
left_child=4 3 -3 -2 -1
right_child=1 2 -4 -5 -6
leaf_value=0.0092215371890612945 -0.013464909450582258 -0.03476326885961737 -0.0008118768745059825 0.0006618522803076214 0.030339567968544492
leaf_weight=25.147352293133736 42.430556952953339 27.173313125967979 41.752413898706436 1527.9887179285288 20.097654685378075
leaf_count=101 170 109 168 6128 81
internal_value=0 -0.000376098 -0.0149316 0.00025275 0.019704
internal_weight=0 1639.35 68.9257 1570.42 45.245
internal_count=6757 6575 277 6298 182
is_linear=0
shrinkage=0.03


Tree=27
num_leaves=5
num_cat=0
split_feature=22 26 11 38
split_gain=19.0879 21.9425 18.4224 3.85888
threshold=-3.321849942207336 -7.1184999942779532 -2.7132499217987056 0.88342607021331798
decision_type=2 10 2 10
left_child=3 -2 -3 -1
right_child=1 2 -4 -5
leaf_value=0.0089595748201872927 -0.023010255393629258 -0.0070147975757418818 0.0016036570540352486 0.029546422000928513
leaf_weight=25.135556191205978 36.648298114538193 266.77783012390137 1335.8882380127907 20.045664638280869
leaf_count=101 147 1070 5358 81
internal_value=0 -0.000366268 0.000146853 0.019185
internal_weight=0 1639.31 1602.67 45.1812
internal_count=6757 6575 6428 182
is_linear=0
shrinkage=0.03


Tree=28
num_leaves=5
num_cat=0
split_feature=22 26 12 38
split_gain=18.0744 20.6988 20.5943 3.63561
threshold=-3.321849942207336 -7.1184999942779532 0.89855000376701366 0.88342607021331798
decision_type=2 10 2 10
left_child=3 -2 -3 -1
right_child=1 2 -4 -5
leaf_value=0.0087052893217393623 -0.022359265540401973 0.0030676868797394736 -0.0038107255158969558 0.028784375028705497
leaf_weight=25.123085275292397 36.613481923937798 925.40547862648964 677.23133710026741 19.986433818936348
leaf_count=101 147 3707 2721 81
internal_value=0 -0.000355825 0.000141783 0.0186836
internal_weight=0 1639.25 1602.64 45.1095
internal_count=6757 6575 6428 182
is_linear=0
shrinkage=0.03


Tree=29
num_leaves=6
num_cat=0
split_feature=22 11 36 8 38
split_gain=17.1184 19.883 16.4794 13.0147 3.4276
threshold=-3.321849942207336 -3.1551499366760249 1.1046898961067202 1.3454999923706057 0.88342607021331798
decision_type=2 2 8 10 10
left_child=4 3 -3 -2 -1
right_child=1 2 -4 -5 -6
leaf_value=0.008458423629189327 -0.011366125086077199 0.018829669241745603 0.00032225108349936781 0.011962882234212257 0.028051222991360765
leaf_weight=25.110016986727715 194.59912553429604 43.877335891127586 1378.4828059822321 22.1377142816782 19.92066715657711
leaf_count=101 781 176 5529 89 81
internal_value=0 -0.000345617 0.000927078 -0.0088015 0.0181987
internal_weight=0 1639.1 1422.36 216.737 45.0307
internal_count=6757 6575 5705 870 182
is_linear=0
shrinkage=0.03


Tree=30
num_leaves=8
num_cat=0
split_feature=5 38 21 36 2 2 10
split_gain=12.4333 12.3227 16.564 14.419 9.15921 7.46862 7.00927
threshold=0.59749999642372142 0.94943881034851085 0.31915000081062322 27.354936599731449 40.35264968872071 71.293899536132827 2.5520499944686894
decision_type=10 10 2 10 2 2 8
left_child=4 2 -2 -3 6 -6 -1
right_child=1 3 -4 -5 5 -7 -8
leaf_value=0.0024966912163236149 0.0028969509488745221 0.029948986485638394 -0.0052816588877442885 0.00080799050246972996 -0.01127914721331523 0.00030129110551771016 -0.0076020428013335046
leaf_weight=203.22121225297451 768.69698941707611 27.676338776946068 311.78736999630928 37.612038820981979 191.35279181599617 60.997926875948906 87.135849624872208
leaf_count=815 3082 111 1251 151 769 245 352
internal_value=0 0.00130607 0.000506469 0.0138791 -0.00419533 -0.00837138 -0.000446652
internal_weight=0 1145.77 1080.48 65.2884 542.708 252.351 290.357
internal_count=6776 4595 4333 262 2181 1014 1167
is_linear=0
shrinkage=0.03


Tree=31
num_leaves=8
num_cat=0
split_feature=12 10 5 14 10 12 22
split_gain=12.6108 24.867 19.1035 13.7764 11.0999 10.9862 8.80054
threshold=0.70875000953674328 3.411350011825562 0.71150001883506786 17.500000000000004 0.93355000019073497 1.0142000019550326 0.72294998168945324
decision_type=2 8 10 2 10 2 2
left_child=1 3 4 -1 -2 -4 -3
right_child=2 6 5 -5 -6 -7 -8
leaf_value=0.0012181845141514187 -0.017133944495850949 -0.020030639881760313 -0.017758458113159365 0.010148431789213656 -0.0046006415129588802 0.0018207214398031745 0
leaf_weight=680.916199401021 107.66684983670712 57.632161751389503 26.479145511984825 204.81410931050777 178.88288216292858 398.63276191055775 33.216025397181511
leaf_count=2729 433 231 106 822 723 1599 133
internal_value=0 0.00176172 -0.00347968 0.00332614 -0.00945738 0.000491966 -0.0130343
internal_weight=0 976.578 711.662 885.73 286.55 425.112 90.8482
internal_count=6776 3915 2861 3551 1156 1705 364
is_linear=0
shrinkage=0.03


Tree=32
num_leaves=8
num_cat=0
split_feature=5 38 31 11 7 15 11
split_gain=11.3262 11.6964 12.6865 12.1879 9.543 21.0603 9.83754
threshold=0.59749999642372142 0.95347353816032421 2.5000000000000004 -0.13834999501705167 0.65669998526573192 2.5000000000000004 2.240400075912476
decision_type=10 10 2 2 10 2 2
left_child=4 2 -2 -3 6 -6 -1
right_child=1 3 -4 -5 5 -7 -8
leaf_value=-0.0045621878608911523 0.0017435660740025023 0.026120710852419557 -0.0082809911372838663 -0.0013691717046828925 -0.010097008237907342 0.010627690018604228 -0.018636237875061096
leaf_weight=310.9237055182457 963.70159471035004 32.611051693558693 127.36851435899734 21.923416465520859 75.935880735516548 101.26563309133053 54.291184693574905
leaf_count=1248 3865 131 511 88 306 407 220
internal_value=0 0.00125201 0.000539345 0.0147036 -0.0039996 0.0015714 -0.00678147
internal_weight=0 1145.6 1091.07 54.5345 542.416 177.202 365.215
internal_count=6776 4595 4376 219 2181 713 1468
is_linear=0
shrinkage=0.03


Tree=33
num_leaves=6
num_cat=0
split_feature=22 26 2 11 8
split_gain=11.5627 17.2157 11.9431 3.6424 3.29824
threshold=-2.9180001020431514 -7.1184999942779532 40.35264968872071 -4.7822499275207511 -2.4244499206542964
decision_type=2 10 2 2 10
left_child=3 -2 -3 -1 -5
right_child=1 2 -4 4 -6
leaf_value=0.00072013831497488585 -0.026668495978203085 0.0021274220334772729 -0.0030537173148013669 0.024456989570386799 0.0053932352561674246
leaf_weight=24.083521395921707 22.119231566786766 767.20166802406311 829.99319207668304 23.8565344363451 20.542289867997169
leaf_count=97 89 3080 3330 97 83
internal_value=0 -0.000938018 -0.000546447 0.0115448 0.0166105
internal_weight=0 1619.31 1597.19 68.4823 44.3988
internal_count=6776 6499 6410 277 180
is_linear=0
shrinkage=0.03


Tree=34
num_leaves=6
num_cat=0
split_feature=22 11 28 14 5
split_gain=10.9691 11.7285 12.797 10.0842 2.96474
threshold=-3.5182999372482295 -2.7132499217987056 10.059949874877931 11.500000000000002 1.8974999785423281
decision_type=2 2 8 2 10
left_child=4 3 -3 -2 -1
right_child=1 2 -4 -5 -6
leaf_value=0.021586921333618114 -0.011811015815305527 0.0008549286498629842 -0.016730632194772086 -0.00034723347145596185 0.0034759710182322456
leaf_weight=23.635676071047783 146.17406687140465 1320.150799408555 37.251274421811104 140.77010560035706 19.67792434990406
leaf_count=96 587 5298 150 565 80
internal_value=0 -0.000807113 0.000338281 -0.006312 0.0143
internal_weight=0 1644.35 1357.4 286.944 43.3136
internal_count=6776 6600 5448 1152 176
is_linear=0
shrinkage=0.03


Tree=35
num_leaves=8
num_cat=0
split_feature=38 27 12 11 6 21 35
split_gain=16.6254 24.0954 14.5414 35.2141 15.8828 10.6323 5.73168
threshold=0.91015315055847179 1.2689000368118288 2.5239499807357793 -0.010149999987334011 0.33615000545978552 0.49634999036788946 -1.2464500069618223
decision_type=10 10 2 2 10 2 10
left_child=2 6 3 -1 -4 -3 -2
right_child=1 5 4 -5 -6 -7 -8
leaf_value=-0.0050900083009478457 0.0069862993639307671 -0.0063260563528592453 0.0069901778159266693 0.0065222136515494635 -0.010006514378859681 0.007236756293292095 0.019944722642431439
leaf_weight=559.72380711138248 66.464432165026665 137.69174194335938 56.115755572915077 403.36873137950897 305.67741014063358 81.254459828138351 81.027087807655334
leaf_count=2245 268 553 225 1616 1233 326 325
internal_value=0 0.00504907 -0.00215421 -0.000193664 -0.00727556 -0.00114626 0.0143936
internal_weight=0 366.438 1324.89 963.093 361.793 218.946 147.492
internal_count=6791 1472 5319 3861 1458 879 593
is_linear=0
shrinkage=0.03


Tree=36
num_leaves=8
num_cat=0
split_feature=5 12 11 27 35 25 0
split_gain=16.555 22.8452 24.6114 12.9184 9.42899 8.83952 8.82384
threshold=0.70649999380111705 0.92329999804496776 -0.35670000314712519 1.2137500047683718 1.4300000071525576 -0.1052500009536743 -0.11924999952316283
decision_type=10 2 2 10 10 2 2
left_child=1 2 -1 -3 5 -2 -6
right_child=4 3 -4 -5 6 -7 -8
leaf_value=-0.0055974878816509432 0.00047257609963805388 -0.0042410760168808334 0.0091107793791579544 -0.017650672211847043 0.0032659892089004277 0.0067805008987958208 -0.010863976479844457
leaf_weight=256.03806011378765 480.06626586616039 142.17771039903164 169.00956067442894 131.79445615410805 65.316390782594681 356.19477960467339 90.432748094201088
leaf_count=1027 1927 571 677 536 262 1428 363
internal_value=0 -0.00410129 0.00018813 -0.0108416 0.00191596 0.00320008 -0.00476388
internal_weight=0 699.02 425.048 273.972 992.01 836.261 155.749
internal_count=6791 2811 1704 1107 3980 3355 625
is_linear=0
shrinkage=0.03


Tree=37
num_leaves=8
num_cat=0
split_feature=8 25 6 26 15 10 10
split_gain=17.2554 12.9549 16.0323 13.3486 11.5848 18.9883 12.3314
threshold=0.18219999969005587 0.24644999951124194 0.72139999270439159 -3.9278500080108638 3.5000000000000004 -4.6619501113891593 -13.031450271606444
decision_type=8 2 10 8 2 10 10
left_child=1 3 -3 -1 5 -2 -6
right_child=4 2 -4 -5 6 -7 -8
leaf_value=0.0060786188825916014 -0.018379642871535869 0.0091157555899455903 -0.0066229658733017987 -0.0034910868605105417 0.018549660437400861 -0.0035059834325114848 -0.0016417192471189204
leaf_weight=182.48886024951935 105.08958651125431 316.87508107721806 68.291924029588699 453.54780131578445 29.92086423933506 315.62638668715954 218.80558782815933
leaf_count=735 422 1273 275 1819 120 1269 878
internal_value=0 0.00189517 0.0062376 -0.000693064 -0.00429159 -0.00732715 0.00073165
internal_weight=0 1021.2 385.167 636.037 669.442 420.716 248.726
internal_count=6791 4102 1548 2554 2689 1691 998
is_linear=0
shrinkage=0.03


Tree=38
num_leaves=8
num_cat=0
split_feature=8 25 23 28 1 10 35
split_gain=16.2439 12.1781 19.3565 12.392 11.6735 10.4922 8.77482
threshold=0.18219999969005587 0.24644999951124194 0.81949999928474437 4.4322500228881845 1.6980499625205996 -4.6619501113891593 0.32494999468326574
decision_type=8 2 2 10 2 10 8
left_child=1 3 -3 -1 5 -2 -6
right_child=4 2 -4 -5 6 -7 -8
leaf_value=-0.0035742489070266477 -0.012837470366004253 0.011650165442591997 -0.0018579213542731302 0.0053782708010240779 0.018667412578868208 -0.0032863783641667965 -0.0013923788469260669
leaf_weight=433.35747893154621 139.70069853961468 227.38570159673691 157.8201200813055 202.63802379369736 31.366175100207329 454.88313083350658 43.361955627799034
leaf_count=1738 561 912 636 816 126 1828 174
internal_value=0 0.00183758 0.0060477 -0.000670776 -0.00416526 -0.00559862 0.00676663
internal_weight=0 1021.2 385.206 635.996 669.312 594.584 74.7281
internal_count=6791 4102 1548 2554 2689 2389 300
is_linear=0
shrinkage=0.03


Tree=39
num_leaves=8
num_cat=0
split_feature=5 12 35 14 35 30 21
split_gain=15.4449 22.0545 21.9235 16.1547 17.3251 13.9522 11.9939
threshold=0.70649999380111705 0.92329999804496776 -1.0728499889373777 14.500000000000002 0.13274999707937243 0.71715000271797191 -0.49440000951290125
decision_type=10 2 8 2 8 10 2
left_child=1 2 -1 5 -5 -2 -3
right_child=3 6 -4 4 -6 -7 -8
leaf_value=-0.010150879633607213 -0.0099624702917103947 0.0056816414838108831 0.004746079685927918 0.014674046901732645 0.0013475911558521706 0.0011701236841224706 -0.012918245303412386
leaf_weight=125.039072945714 125.691884085536 32.84419459104538 299.8627198189497 150.09304538369179 223.66252395510674 492.34581032395363 240.78855963051319
leaf_count=502 504 132 1202 604 898 1974 975
internal_value=0 -0.00393502 0.000278259 0.00187855 0.00680417 -0.00105791 -0.0105639
internal_weight=0 698.535 424.902 991.793 373.756 618.038 273.633
internal_count=6791 2811 1704 3980 1502 2478 1107
is_linear=0
shrinkage=0.03


Tree=40
num_leaves=8
num_cat=0
split_feature=5 26 15 35 3 2 22
split_gain=17.3675 18.8185 14.678 10.8643 9.66879 8.27538 3.70187
threshold=0.59749999642372142 0.40055000782012945 2.5000000000000004 -0.93654999136924733 38.328500747680671 37.395351409912116 2.2362499237060551
decision_type=10 8 2 8 2 2 2
left_child=2 4 5 -4 -2 -1 -3
right_child=1 6 3 -5 -6 -7 -8
leaf_value=-0.0038913617864840887 0.001252449298379757 -0.0053849943838856201 -0.0089492944922736888 0.0037131141292097588 0.0076332289827654625 -0.015569503594868406 -0.024942832264289592
leaf_weight=118.25361134111881 803.55717246234417 22.129840463399887 84.256112888455391 212.9435688406229 298.72166272997856 118.28954628109932 23.366906240582466
leaf_count=477 3225 89 339 857 1199 477 94
internal_value=0 0.00220511 -0.00433839 4.74456e-06 0.00301421 -0.00989857 -0.0163954
internal_weight=0 1147.78 533.743 297.2 1102.28 236.543 45.4967
internal_count=6757 4607 2150 1196 4424 954 183
is_linear=0
shrinkage=0.03


Tree=41
num_leaves=8
num_cat=0
split_feature=12 26 25 11 26 30 29
split_gain=18.8054 13.2646 16.5128 12.8482 16.355 15.9491 5.11189
threshold=5.1613500118255624 -1.8965499997138975 14.595250129699709 -3.2333500385284419 0.35244999825954443 5.5350999832153329 -3.1432999372482295
decision_type=2 10 2 2 8 8 10
left_child=3 6 -3 5 -5 -1 -2
right_child=1 2 -4 4 -6 -7 -8
leaf_value=-0.0080097934071699465 -0.0049577368608426896 -0.025182735635921199 0 0.0030513313748955239 -0.015078762874541456 0.018938291764369092 0.011531135981869747
leaf_weight=204.23426377773285 52.376553684473038 64.532518357038498 34.150882706046104 1236.8975795656443 45.01082855463028 20.375524237751961 23.733538061380386
leaf_count=822 211 262 139 4964 181 82 96
internal_value=0 -0.0091628 -0.0163652 0.00120356 0.0023801 -0.00535911 0
internal_weight=0 174.793 98.6834 1506.52 1281.91 224.61 76.1101
internal_count=6757 708 401 6049 5145 904 307
is_linear=0
shrinkage=0.03


Tree=42
num_leaves=8
num_cat=0
split_feature=12 5 11 11 8 7 7
split_gain=17.7085 12.5985 15.4094 10.5858 14.6089 10.3472 9.19253
threshold=5.1613500118255624 0.5704999864101411 -3.2333500385284419 2.8484500646591191 0.81755000352859508 0.65669998526573192 0.78290000557899486
decision_type=2 10 2 2 10 10 10
left_child=1 5 -3 6 -5 -1 -2
right_child=3 2 -4 4 -6 -7 -8
leaf_value=-0.0064240305142740832 -0.019899192196681955 -0.0059845367112091067 0.0043696244208578528 0.0077813085580888779 -0.02104336101669527 0.0033179876400555373 0.0014613155728372782
leaf_weight=288.52070486545563 78.946698024868965 147.19509413838387 927.56833937764168 54.589056834578514 21.09058889746666 143.14418770372868 19.9947469830513
leaf_count=1160 320 592 3721 221 86 576 81
internal_value=0 0.00116688 0.00291943 -0.00889699 -3.00553e-05 -0.00312394 -0.0153109
internal_weight=0 1506.43 1074.76 174.621 75.6796 431.665 98.9414
internal_count=6757 6049 4313 708 307 1736 401
is_linear=0
shrinkage=0.03


Tree=43
num_leaves=8
num_cat=0
split_feature=12 15 35 5 26 25 9
split_gain=16.6759 12.3668 17.2994 15.3517 12.3497 15.5131 4.76297
threshold=5.1613500118255624 3.5000000000000004 -1.7076500058174131 0.62149998545646679 -1.8965499997138975 14.595250129699709 -2.381349921226501
decision_type=2 2 8 10 10 2 10
left_child=1 3 -3 -1 6 -6 -2
right_child=4 2 -4 -5 5 -7 -8
leaf_value=-0.0065684656311961274 0.012507209924089855 -0.0070000405355667384 0.0068390893826798015 0.0016556292752958623 -0.024187082081665808 0 -0.0040856717898526424
leaf_weight=301.61087641119957 20.350586846470833 94.495495975017548 490.9375911206007 619.26610109210014 64.24715481698513 34.115974292159081 55.740371406078339
leaf_count=1214 82 380 1969 2486 262 139 225
internal_value=0 0.00113127 0.00454601 -0.00100963 -0.00863895 -0.0156089 6.7631e-05
internal_weight=0 1506.31 585.433 920.877 174.454 98.3631 76.091
internal_count=6757 6049 2349 3700 708 401 307
is_linear=0
shrinkage=0.03


Tree=44
num_leaves=6
num_cat=0
split_feature=26 7 1 10 4
split_gain=14.8436 12.4775 14.7608 12.6982 5.96782
threshold=0.40055000782012945 0.38199999928474432 1.111800014972687 -3.5986000299453731 8.2742500305175799
decision_type=8 10 2 10 2
left_child=1 3 -3 -1 -2
right_child=4 2 -4 -5 -6
leaf_value=-0.011215007520596376 -0.0029160600352927126 -0.0025554296926456285 0.0042183156878472785 0.0091751983894509809 -0.025795167616831694
leaf_weight=29.167188107967377 22.352399200201035 966.34585428237915 410.82908104360104 225.743956387043 25.992753803730011
leaf_count=117 90 3887 1652 906 105
internal_value=0 0.00059846 -0.000511371 0.0066902 -0.0160984
internal_weight=0 1632.09 1377.17 254.911 48.3452
internal_count=6757 6562 5539 1023 195
is_linear=0
shrinkage=0.03


Tree=45
num_leaves=7
num_cat=0
split_feature=28 6 35 35 35 15
split_gain=12.6539 17.2836 12.5933 11.0401 8.59359 7.53997
threshold=5.0367500782012948 0.67730000615119945 1.3781999945640566 3.8676500320434575 1.8848499655723574 3.5000000000000004
decision_type=10 8 10 10 10 2
left_child=1 2 -1 4 -2 -3
right_child=3 5 -4 -5 -6 -7
leaf_value=0.00095135479171139681 0.0041104368638639581 -0.015292813518172124 -0.0086479398551677217 -0.011230572421001332 0.017660817629168497 -0.0013508183833992511
leaf_weight=970.78545801341534 302.82564914226532 108.1519268155098 139.61289945244789 34.058157444000244 50.907925501465797 58.973250299692154
leaf_count=3899 1220 436 562 138 205 237
internal_value=0 -0.00162043 -0.000235288 0.00455737 0.00618941 -0.0105889
internal_weight=0 1277.52 1110.4 387.792 353.734 167.125
internal_count=6697 5134 4461 1563 1425 673
is_linear=0
shrinkage=0.03


Tree=46
num_leaves=8
num_cat=0
split_feature=38 8 29 5 36 7 29
split_gain=16.139 17.2471 17.9869 10.3597 9.41044 6.87728 5.50427
threshold=0.94857901334762584 0.19154999405145648 -0.48240000009536738 0.42450000345706945 29.247909545898441 0.59224998950958263 -2.6010500192642207
decision_type=10 8 8 10 10 10 10
left_child=1 2 -1 -3 5 -2 -6
right_child=4 3 -4 -5 6 -7 -8
leaf_value=0.000510562681258407 0.0033118595439268284 -0.014825085688925764 0.018110965166010309 -0.0032414715403866088 -0.010879848611270202 0.026283741587805869 0.010800087862312591
leaf_weight=897.61368952691555 21.640829667448997 82.061177149415016 54.833475306630135 529.89435957372189 19.826342359185219 38.994638621807098 20.335404723882675
leaf_count=3609 87 332 220 2130 80 157 82
internal_value=0 -0.00092773 0.00157324 -0.00486539 0.0113955 0.0187585 0
internal_weight=0 1564.4 952.447 611.956 100.797 60.6355 40.1617
internal_count=6697 6291 3829 2462 406 244 162
is_linear=0
shrinkage=0.03


Tree=47
num_leaves=8
num_cat=0
split_feature=5 21 15 5 10 39 14
split_gain=11.6908 14.2557 12.5877 15.6561 11.2655 10.5489 9.9654
threshold=0.45350000262260443 -0.12635000050067899 4.5000000000000009 0.89049997925758373 -1.6153999567031858 -0.31444999575614924 18.500000000000004
decision_type=10 2 2 10 10 10 2
left_child=1 5 4 -4 -2 -1 -3
right_child=2 6 3 -5 -6 -7 -8
leaf_value=0.012524159201058985 -0.0038485663543840272 -0.0045515364917480148 -0.00066975786731922891 0.012986219185539463 0.0023109230599739189 -0.0061565695821777129 -0.018961010496898679
leaf_weight=53.675320282578468 489.54317040741444 119.19490958750248 137.71214479207993 156.16816432774067 582.37993432581425 51.075363755226135 75.275162547826767
leaf_count=216 1968 481 553 627 2341 206 305
internal_value=0 -0.0055265 0.00100847 0.00650473 -0.000475096 0.00315985 -0.0103511
internal_weight=0 299.221 1365.8 293.88 1071.92 104.751 194.47
internal_count=6697 1208 5489 1180 4309 422 786
is_linear=0
shrinkage=0.03


Tree=48
num_leaves=7
num_cat=0
split_feature=4 15 5 26 0 7
split_gain=12.7169 12.6936 20.8369 15.7366 5.84744 4.7634
threshold=3.6076999902725224 4.5000000000000009 0.89049997925758373 -3.9278500080108638 0.72865000367164623 0.39415000379085546
decision_type=2 2 10 8 2 8
left_child=4 3 -3 -2 5 -1
right_child=1 2 -4 -5 -6 -7
leaf_value=0 0.0068393968131523911 -0.00028787880519821451 0.014479149753967913 -0.0024198796233945762 0.00067608236969837917 -0.016237650125398403
leaf_weight=20.422350615262985 196.46659754216671 207.2753634005785 141.42648106813431 987.86633975803852 34.851822197437286 76.564614966511726
leaf_count=82 792 833 568 3974 140 308
internal_value=0 0.00060616 0.00563982 -0.000854093 -0.00906562 -0.0128436
internal_weight=0 1533.03 348.702 1184.33 131.839 96.987
internal_count=6697 6167 1401 4766 530 390
is_linear=0
shrinkage=0.03


Tree=49
num_leaves=8
num_cat=0
split_feature=38 28 12 12 15 7 10
split_gain=15.5399 15.1142 14.38 13.3668 13.1735 15.8625 12.949
threshold=0.91015315055847179 2.6227999925613408 2.4718500375747685 4.4609000682830819 5.5000000000000009 0.42130000889301306 -1.8035500049591062
decision_type=10 10 2 2 2 10 10
left_child=4 2 -2 -3 6 -6 -1
right_child=1 3 -4 -5 5 -7 -8
leaf_value=-0.0066539174223659873 0.008506971147621575 0.004505848296375012 0.037345667611352953 -0.014751355604098572 0.021464762897309236 0.00070319855296250167 -9.1313486807056279e-05
leaf_weight=478.17996495962143 69.54822364449501 220.37889592349529 21.380211666226387 36.653793722391129 42.57513016462326 152.43768189847469 643.50789418816566
leaf_count=1922 279 887 86 149 171 612 2591
internal_value=0 0.00546769 0.0159467 0.00159691 -0.00164988 0.00547529 -0.00291913
internal_weight=0 347.961 90.9284 257.033 1316.7 195.013 1121.69
internal_count=6697 1401 365 1036 5296 783 4513
is_linear=0
shrinkage=0.03


Tree=50
num_leaves=8
num_cat=0
split_feature=34 23 34 25 34 36 38
split_gain=15.4266 17.5246 16.3057 16.206 12.8317 8.79571 7.06443
threshold=0.25059999525547033 0.68439999222755443 -0.23205000162124631 0.26725000143051153 -1.7857000231742857 1.1122580766677859 0.88271832466125499
decision_type=8 2 10 2 10 10 8
left_child=2 3 4 -2 -1 -4 -3
right_child=1 6 5 -5 -6 -7 -8
leaf_value=0.013625932269523513 -0.0016637226424899066 -0.013933625010507902 0.02578945670918344 0.010706326444479304 -0.0020015491194316738 0.0069641778180548732 -0.0042820247469017528
leaf_weight=52.544183418154716 418.6161045730114 110.66082414984703 24.892242252826691 121.62144319713116 401.32274644076824 320.66391296684742 216.47188177704811
leaf_count=213 1681 447 100 488 1615 1290 872
internal_value=0 -0.00219072 0.00357585 0.0010803 -0.000100423 0.00847733 -0.00767086
internal_weight=0 867.37 799.423 540.238 453.867 345.556 327.133
internal_count=6706 3488 3218 2169 1828 1390 1319
is_linear=0
shrinkage=0.03


Tree=51
num_leaves=8
num_cat=0
split_feature=8 10 14 8 5 39 24
split_gain=12.9897 12.5871 16.4032 7.08445 13.0547 8.31751 7.07368
threshold=0.63754999637603771 3.4720000028610234 13.500000000000002 -2.4244499206542964 1.6244999766349795 -0.56904998421668995 6.8859000205993661
decision_type=8 8 2 10 10 8 2
left_child=3 2 -2 4 -1 -5 -3
right_child=1 6 -4 5 -6 -7 -8
leaf_value=0.022441362105160598 -0.0072580995114798433 -0.019136015263463837 0.007950979012019457 -0.0054716876035494364 -0.0039118008013239516 0.002327184136085438 -0.0033658621564741755
leaf_weight=39.216042727231979 145.09494020044804 64.915586948394775 111.86601075530052 135.92029184103012 25.851789072155952 1092.3493800908327 51.376201212406158
leaf_count=159 583 263 450 547 105 4391 208
internal_value=0 -0.00435703 -0.00051549 0.00197994 0.0116163 0.00143601 -0.0125128
internal_weight=0 373.253 256.961 1293.34 65.0678 1228.27 116.292
internal_count=6706 1504 1033 5202 264 4938 471
is_linear=0
shrinkage=0.03


Tree=52
num_leaves=8
num_cat=0
split_feature=23 14 29 3 7 11 8
split_gain=12.4806 10.2158 9.78855 9.57632 13.2499 10.206 6.97236
threshold=1.685000002384186 18.500000000000004 -0.65455001592636097 13.806600093841555 0.5319499969482423 -2.7132499217987056 0.43135000765323644
decision_type=2 2 10 2 10 2 10
left_child=3 6 -3 4 -1 -5 -2
right_child=1 2 -4 5 -6 -7 -8
leaf_value=-0.0075573652148498071 0.0047085140922414667 -0.027580322864305489 -0.00026056394563523419 -0.0027332134646949548 0.0027931340072775428 0.0047746079307947756 -0.0071103480310857163
leaf_weight=208.36858125030994 72.655372262001038 32.105464562773705 21.898319587111473 198.90070377290249 231.59459154307842 792.70508077740669 108.18321622908115
leaf_count=836 293 132 89 801 932 3186 437
internal_value=0 -0.00584521 -0.0172538 0.001592 -0.0020469 0.0032372 -0.00219713
internal_weight=0 234.842 54.0038 1431.57 439.963 991.606 180.839
internal_count=6706 951 221 5755 1768 3987 730
is_linear=0
shrinkage=0.03


Tree=53
num_leaves=8
num_cat=0
split_feature=23 15 7 15 14 36 5
split_gain=11.7737 11.4946 20.2419 18.1979 9.68689 11.4215 5.72551
threshold=1.685000002384186 1.0000000180025095e-35 0.54344999790191661 3.5000000000000004 18.500000000000004 32.137573242187507 1.0145000219345095
decision_type=2 2 10 2 2 8 10
left_child=1 2 -1 -3 6 -6 -2
right_child=4 3 -4 -5 5 -7 -8
leaf_value=-0.00059069262468668625 0.003032657321567404 -0.0029286937756280093 0.017381740998331025 0.0044462351500357397 -0.02751884967456858 0 -0.0074548753012722872
leaf_weight=114.87287317216396 89.205485135316849 665.84508511424065 104.14642760157585 546.6660171598196 33.04709093272686 20.823734432458878 91.594406306743622
leaf_count=461 361 2679 419 2196 136 85 369
internal_value=0 0.0015436 0.00785923 0.000372528 -0.00568192 -0.0168094 -0.00212716
internal_weight=0 1431.53 219.019 1212.51 234.671 53.8708 180.8
internal_count=6706 5755 880 4875 951 221 730
is_linear=0
shrinkage=0.03


Tree=54
num_leaves=8
num_cat=0
split_feature=34 23 8 34 3 10 3
split_gain=14.0006 15.577 15.7195 15.5243 14.6791 12.6836 10.6964
threshold=0.25059999525547033 0.68439999222755443 1.5336499810218813 -0.23205000162124631 19.965700149536136 -2.7826000452041622 5.7776501178741464
decision_type=8 2 10 10 2 10 2
left_child=3 2 -2 4 -1 -3 -5
right_child=1 5 -4 6 -6 -7 -8
leaf_value=-0.0064278940621017924 -0.00048860732616628089 -0.019457750984388209 0.018414302117240749 0.02216333665137633 0.0044291698489289429 -0.0042360501202355384 0.0059660577101744343
leaf_weight=196.92947891354561 498.32410979270935 62.723079770803452 41.813056915998459 43.49142549932003 256.70619316399097 263.97826121747494 302.01871560513973
leaf_count=793 2001 253 168 175 1035 1066 1215
internal_value=0 -0.00212939 0.000950589 0.00336571 -0.000221815 -0.00730046 0.00814956
internal_weight=0 866.839 540.137 799.146 453.636 326.701 345.51
internal_count=6706 3488 2169 3218 1828 1319 1390
is_linear=0
shrinkage=0.03


Tree=55
num_leaves=8
num_cat=0
split_feature=5 38 34 28 26 15 7
split_gain=16.0797 19.1418 16.9093 13.8539 13.5504 7.92769 2.54345
threshold=0.53450000286102306 0.94857901334762584 0.24274999648332599 1.3586500287055971 -3.0965499877929683 1.5000000000000002 0.41885000467300421
decision_type=10 10 8 10 10 2 10
left_child=3 2 -2 6 -5 -3 -1
right_child=1 5 -4 4 -6 -7 -8
leaf_value=0.0017306378261181695 0.0043689374149156728 0.00069686943288668919 -0.0028368461868205621 0.003376295085510714 -0.0098840019584323369 0.022091833910254804 0.01855370154282927
leaf_weight=20.687500849366188 548.20727217197418 25.976354420185089 624.7808433920145 84.857666522264481 309.33754953742027 54.115098550915718 20.148430109024048
leaf_count=83 2204 105 2511 342 1251 218 81
internal_value=0 0.00150756 0.000506145 -0.00517757 -0.00695225 0.0156168 0.0109933
internal_weight=0 1253.08 1172.99 435.031 394.195 80.0915 40.8359
internal_count=6795 5038 4715 1757 1593 323 164
is_linear=0
shrinkage=0.03


Tree=56
num_leaves=6
num_cat=0
split_feature=29 11 11 37 37
split_gain=11.3638 9.66516 12.5063 12.0559 7.34659
threshold=-8.4766001701354963 -3.1551499366760249 2.240400075912476 -0.68880283832550038 -0.77258741855621327
decision_type=10 2 2 10 8
left_child=4 3 -3 -2 -1
right_child=1 2 -4 -5 -6
leaf_value=0.024072694467227852 -0.00022444942455488243 0.0016613675206090216 -0.0052715523014140704 -0.015172705959878472 0
leaf_weight=27.040176093578339 118.76739862561226 1142.1841240227222 293.04266752302647 86.412640735507011 20.326805457472801
leaf_count=110 478 4590 1186 349 82
internal_value=0 -0.000629935 0.00022224 -0.00670854 0.0141157
internal_weight=0 1640.41 1435.23 205.18 47.367
internal_count=6795 6603 5776 827 192
is_linear=0
shrinkage=0.03


Tree=57
num_leaves=8
num_cat=0
split_feature=5 38 15 11 29 23 14
split_gain=15.0363 18.0146 16.7384 11.7946 8.70409 14.1387 11.6721
threshold=0.53450000286102306 0.94857901334762584 1.0000000180025095e-35 -0.82300001382827748 -0.89640000462532032 -1.0748500227928159 18.500000000000004
decision_type=10 10 2 2 8 2 2
left_child=4 2 -2 -3 5 -1 -6
right_child=1 3 -4 -5 6 -7 -8
leaf_value=0.0010586848099265339 0.0083177593584487126 0.024299036651775952 -0.0011222412827246455 0 0.01323550633133672 -0.011318752860593327 -0.0098740799555824734
leaf_weight=121.54165363311768 203.20993645489216 48.51540707051754 969.53129529953003 31.513368904590607 47.635167077183723 234.68034495413303 30.883309423923492
leaf_count=489 817 196 3898 127 192 951 125
internal_value=0 0.00146577 0.000493634 0.0151593 -0.00500064 -0.00702049 0.00375878
internal_weight=0 1252.77 1172.74 80.0288 434.74 356.222 78.5185
internal_count=6795 5038 4715 323 1757 1440 317
is_linear=0
shrinkage=0.03


Tree=58
num_leaves=8
num_cat=0
split_feature=5 34 24 28 26 28 27
split_gain=14.153 16.8451 13.7779 12.8988 12.4843 9.39598 2.2375
threshold=0.53450000286102306 0.24274999648332599 0.13095000386238101 1.3586500287055971 -3.0965499877929683 3.0598000288009648 0.53444999456405651
decision_type=10 8 2 10 10 10 10
left_child=3 2 -2 6 -5 -3 -1
right_child=1 5 -4 4 -6 -7 -8
leaf_value=0.0018878323932536767 0.0015949868056750677 -0.0053741352580237364 0.011234828592235903 0.0033365795280914162 -0.0093879978540991702 0.0017431876471928566 0.017870061860162052
leaf_weight=20.645111694931984 383.40283817052841 336.12018802762032 211.82218824326992 84.838636785745621 308.85756607353687 321.35560496151447 20.192298367619514
leaf_count=83 1544 1349 851 342 1251 1294 81
internal_value=0 0.00142325 0.00508891 -0.00485144 -0.00656843 -0.00185246 0.0107456
internal_weight=0 1252.7 595.225 434.534 393.696 657.476 40.8374
internal_count=6795 5038 2395 1757 1593 2643 164
is_linear=0
shrinkage=0.03


Tree=59
num_leaves=7
num_cat=0
split_feature=15 6 10 35 9 27
split_gain=13.3485 22.5101 19.6101 16.9098 13.5974 10.4104
threshold=3.5000000000000004 0.88865000009536754 -18.562999725341793 -0.277999997138977 -0.56079998612403859 1.9475000500679018
decision_type=2 8 10 8 10 8
left_child=1 3 -2 -1 -4 -3
right_child=2 5 4 -5 -6 -7
leaf_value=0.004806213367738176 0.026527384512838516 -0.0030565409792858533 -0.0035444086377785298 -0.0035691954622304326 0.0057556167503085591 -0.022351895573649028
leaf_weight=328.2262736260891 30.362674117088318 46.84606958925724 230.61119104921818 630.25508932769299 353.66951136291027 66.999601393938065
leaf_count=1322 122 190 928 2539 1422 272
internal_value=0 -0.0022052 0.00333373 -0.000667799 0.00203393 -0.0147691
internal_weight=0 1072.33 614.643 958.481 584.281 113.846
internal_count=6795 4323 2472 3861 2350 462
is_linear=0
shrinkage=0.03


Tree=60
num_leaves=8
num_cat=0
split_feature=12 5 10 27 10 33 28
split_gain=26.1732 15.4394 15.1531 13.3108 13.5611 10.1402 8.04199
threshold=0.89855000376701366 0.71150001883506786 -4.2743499279022208 1.1089500188827517 3.2114499807357793 -0.6725499927997588 1.2538000345230105
decision_type=2 10 10 8 10 8 10
left_child=3 6 -3 4 -1 -5 -2
right_child=1 2 -4 5 -6 -7 -8
leaf_value=0.0079450387532037578 0.0060596063255851798 0.012114241435580724 -0.0039988648272221011 0.019682061874969223 -0.01088571255636901 -0.0015617979500843391 -0.012253122433873219
leaf_weight=393.86342635750771 20.680043637752533 60.672035127878189 338.54690439999104 19.917500197887421 35.560687810182571 530.76948763430119 256.78522804379463
leaf_count=1586 83 244 1361 80 143 2131 1047
internal_value=0 -0.005324 -0.00145094 0.0023345 0.00629429 -0.000704778 -0.0107636
internal_weight=0 676.684 399.219 980.111 429.424 550.687 277.465
internal_count=6675 2735 1605 3940 1729 2211 1130
is_linear=0
shrinkage=0.03


Tree=61
num_leaves=8
num_cat=0
split_feature=12 5 10 11 36 1 11
split_gain=24.6287 14.5509 14.2734 12.5843 14.7521 12.3206 10.3794
threshold=0.89855000376701366 0.71150001883506786 -4.2743499279022208 -3.1551499366760249 9.1175851821899432 0.27374999225139623 -3.6209499835968013
decision_type=2 10 10 2 8 2 2
left_child=3 5 -3 6 -5 -2 -1
right_child=1 2 -4 4 -6 -7 -8
leaf_value=-0.00063521384193616459 0.0096273940513229884 0.011758372615662746 -0.0038795678264888786 0.010132843576771685 0.0011573110364792622 -0.012401504512515314 -0.017568349670557069
leaf_weight=159.08291094005108 22.811561450362206 60.663421720266342 338.51969014108181 243.42834496498108 536.01394580304623 254.28987075388432 41.422654926776886
leaf_count=641 92 244 1361 978 2154 1038 167
internal_value=0 -0.00516602 -0.00140468 0.00226441 0.0040083 -0.0104521 -0.00435215
internal_weight=0 676.285 399.183 979.948 779.442 277.101 200.506
internal_count=6675 2735 1605 3940 3132 1130 808
is_linear=0
shrinkage=0.03


Tree=62
num_leaves=7
num_cat=0
split_feature=12 29 35 10 29 2
split_gain=23.1698 12.8718 11.8932 15.2554 10.7645 10.2285
threshold=0.89855000376701366 -6.2874498367309561 -1.7076500058174131 3.1192500591278081 -0.74450001120567311 47.827249526977546
decision_type=2 10 10 8 10 2
left_child=2 -2 5 -4 -3 -1
right_child=1 4 3 -5 -6 -7
leaf_value=0.0026862361437112029 0.014586338845378556 -0.0077894680926188092 0.0076696672207184962 -0.0066414225688150568 0.0018308929702511847 -0.0061040786105843224
leaf_weight=266.20419928431511 27.112211212515831 524.3909657150507 426.01806809008121 76.488878160715103 124.37412567436695 211.10502073168755
leaf_count=1071 110 2122 1712 307 503 850
internal_value=0 -0.0050126 0.00219564 0.00542286 -0.00589901 -0.00114347
internal_weight=0 675.877 979.816 502.507 648.765 477.309
internal_count=6675 2735 3940 2019 2625 1921
is_linear=0
shrinkage=0.03


Tree=63
num_leaves=8
num_cat=0
split_feature=12 35 14 35 10 1 10
split_gain=21.8046 13.8017 20.7203 17.2293 12.4359 16.1148 15.9248
threshold=2.5239499807357793 -1.042150020599365 12.500000000000002 -0.48934999108314509 -4.2743499279022208 0.84714999794960033 2.752349972724915
decision_type=2 10 2 10 10 2 10
left_child=1 2 -1 -3 5 -2 -6
right_child=4 3 -4 -5 6 -7 -8
leaf_value=-0.0067585149228190948 -0.012348456047039815 0.017440826273850255 0.0038840399766887305 0.0025139452843608657 -0.016678070316720889 0.019231738093967592 -0.0036284828387371558
leaf_weight=340.98572175204754 22.721547767519951 82.034718409180641 313.37390159070492 487.12427228689194 137.4443461894989 34.380862697958946 237.31262409687042
leaf_count=1371 93 330 1262 1957 555 139 968
internal_value=0 0.00131892 -0.00161785 0.00474484 -0.00650601 0.00615312 -0.00852598
internal_weight=0 1223.52 654.36 569.159 431.859 57.1024 374.757
internal_count=6675 4920 2633 2287 1755 232 1523
is_linear=0
shrinkage=0.03


Tree=64
num_leaves=8
num_cat=0
split_feature=12 6 15 31 14 12 9
split_gain=20.905 12.3592 19.6853 12.6299 11.2454 10.9719 9.16051
threshold=0.89855000376701366 0.66429999470710765 3.5000000000000004 2.5000000000000004 4.5000000000000009 7.9633500576019296 1.3736500144004824
decision_type=2 8 2 2 2 2 10
left_child=1 3 -3 -1 6 -6 -2
right_child=4 2 -4 -5 5 -7 -8
leaf_value=0.0058956013566272107 -0.018612871061160677 -0.0089411290414241895 0.006168806337492852 -0.0073051060659238311 -0.0016025230325121072 -0.017359980829516675 0
leaf_weight=592.27918410301208 82.624079897999763 188.31008645892143 128.52948588132858 70.499350726604462 514.94220341742039 42.945144772529602 34.874907448887825
leaf_count=2380 335 760 517 283 2082 176 142
internal_value=0 0.00209238 -0.00271711 0.00443736 -0.00475596 -0.00289807 -0.0132252
internal_weight=0 979.618 316.84 662.779 675.386 557.887 117.499
internal_count=6675 3940 1277 2663 2735 2258 477
is_linear=0
shrinkage=0.03


Tree=65
num_leaves=8
num_cat=0
split_feature=23 26 7 25 7 14 6
split_gain=10.9396 15.6439 15.588 17.1161 15.1315 10.1049 8.14973
threshold=1.4239000082015993 -0.87454998493194569 0.76690000295639049 0.29934999346733099 1.0640499591827395 18.500000000000004 0.42114999890327459
decision_type=2 10 10 2 10 2 10
left_child=2 5 3 -1 -4 -2 -3
right_child=1 6 4 -5 -6 -7 -8
leaf_value=-0.0032078949404475512 0.0077660610440727588 -0.00012475386801374789 0.011613673644504267 0.0046175233585708181 -0.0053908147557113102 -0.013492889848293516 -0.015156767249826267
leaf_weight=759.14516381919384 89.89311808347702 49.046827241778374 196.24886606633663 373.65416179597378 58.507733583450317 24.217442080378532 126.35515040159225
leaf_count=3055 364 198 792 1504 236 101 514
internal_value=0 -0.00551064 0.000886891 -0.000598423 0.00758529 0.00291568 -0.011148
internal_weight=0 289.513 1387.56 1132.8 254.757 114.111 175.402
internal_count=6764 1177 5587 4559 1028 465 712
is_linear=0
shrinkage=0.03


Tree=66
num_leaves=7
num_cat=0
split_feature=12 8 36 11 11 21
split_gain=20.9209 22.5622 17.4836 19.5366 14.8179 10.5208
threshold=-5.9646501541137686 0.59314998984336864 33.100603103637702 -3.1551499366760249 -4.5088000297546378 1.7021499872207644
decision_type=2 8 10 2 2 2
left_child=2 4 3 -1 -2 -3
right_child=1 5 -4 -5 -6 -7
leaf_value=0.00082697712843689058 -0.020160037430261089 -0.0069117428412812801 -0.013802717983910617 0.019192035697282353 0.0010306097852463146 -0.02888505254624571
leaf_weight=100.74456512928009 29.479274600744247 304.88718745112419 27.567681938409805 115.83313611149788 1077.0183354467154 21.330738708376884
leaf_count=406 119 1233 111 466 4342 87
internal_value=0 -0.00159912 0.00788142 0.0108302 0.000421268 -0.0085241
internal_weight=0 1432.72 244.145 216.578 1106.5 326.218
internal_count=6764 5781 983 872 4461 1320
is_linear=0
shrinkage=0.03


Tree=67
num_leaves=8
num_cat=0
split_feature=12 8 25 10 15 15 26
split_gain=19.791 21.7475 16.0727 8.53722 18.7001 13.9475 7.74732
threshold=-5.2639999389648429 0.59314998984336864 0.29934999346733099 -5.0025999546051017 4.5000000000000009 3.5000000000000004 0.26365000009536749
decision_type=2 8 2 10 2 2 10
left_child=3 2 -2 5 -5 -1 -3
right_child=1 6 -4 4 -6 -7 -8
leaf_value=-0.0052795795382189958 -0.0029155617925179147 -0.0068189449202285543 0.0044943295033553418 0.022654275480401748 -0.0067143138120467714 0.010283315641550991 -0.022429637623053139
leaf_weight=91.670917704701424 602.10215172171593 278.15448179841042 465.77518256008625 67.333017885684967 24.835460022091866 112.76339609920979 33.920824587345123
leaf_count=370 2424 1126 1881 271 100 454 138
internal_value=0 -0.00172152 0.000289519 0.00680494 0.0144316 0.00316696 -0.00867779
internal_weight=0 1379.95 1067.88 296.603 92.1685 204.434 312.075
internal_count=6764 5569 4305 1195 371 824 1264
is_linear=0
shrinkage=0.03


Tree=68
num_leaves=7
num_cat=0
split_feature=12 8 6 10 11 26
split_gain=18.625 20.5063 16.8597 18.1301 14.7067 7.32911
threshold=-5.2639999389648429 0.59314998984336864 0.38445000350475317 -0.73965001106262196 -4.5088000297546378 0.26365000009536749
decision_type=2 8 10 10 2 10
left_child=2 4 -1 -4 -2 -3
right_child=1 5 3 -5 -6 -7
leaf_value=-0.018855512752122078 -0.021250033842742738 -0.0066183258238224855 0.0055506960819346196 0.029179934489839274 0.00088087986959321655 -0.0218333208190628
leaf_weight=20.121579721570015 26.70625227689743 278.02086216211319 242.89802654087543 33.564895272254944 1041.2289584130049 33.830542623996735
leaf_count=81 108 1126 979 135 4197 138
internal_value=0 -0.00167136 0.0066003 0.00862243 0.000280017 -0.0084293
internal_weight=0 1379.79 296.585 276.463 1067.94 311.851
internal_count=6764 5569 1195 1114 4305 1264
is_linear=0
shrinkage=0.03


Tree=69
num_leaves=8
num_cat=0
split_feature=4 8 7 3 23 3 9
split_gain=11.4858 10.5201 16.0708 8.54724 7.49517 8.03808 5.11369
threshold=5.7726998329162607 0.37835000455379492 0.61230000853538524 35.90844917297364 -0.40074999630451197 15.441800117492678 -0.88359999656677235
decision_type=2 8 10 2 2 2 10
left_child=4 3 -3 -2 6 -6 -1
right_child=1 2 -4 -5 5 -7 -8
leaf_value=-0.0084654986769860108 0.00066028058231390127 -0.0083930589998903217 0.0027545994432130903 0.006806740138711867 0.010550087174791466 -0.0063881399022716568 -0.027268007022778717
leaf_weight=58.604904323816299 714.19181296229362 238.72873023152351 220.05425682663918 291.68168440461159 31.803581044077873 100.35900215804577 20.657639250159264
leaf_count=236 2879 964 892 1177 128 405 83
internal_value=0 0.000744577 -0.0029865 0.00247741 -0.00671559 -0.00203822 -0.0140183
internal_weight=0 1464.66 458.783 1005.87 211.425 132.163 79.2625
internal_count=6764 5912 1856 4056 852 533 319
is_linear=0
shrinkage=0.03


Tree=70
num_leaves=8
num_cat=0
split_feature=12 5 11 25 15 26 11
split_gain=13.9567 21.4126 11.086 10.8827 10.7827 8.49843 5.9405
threshold=2.5578500032424931 0.62149998545646679 -0.35670000314712519 -0.79409998655319203 1.0000000180025095e-35 -0.72604998946189869 3.4211500883102421
decision_type=2 10 2 2 2 10 2
left_child=3 5 -3 4 -1 -2 -5
right_child=1 2 -4 6 -6 -7 -8
leaf_value=0.008766095459278438 -0.017667756970092863 0.010100092563879722 -0.0035923782708036662 0.0029293203989064253 -0.0033417799263986228 0 0.013849350801908989
leaf_weight=73.973791480064392 120.98491205275059 69.657584846019745 213.82018293440342 613.68668477237225 516.56735315918922 29.107689470052719 49.728168547153473
leaf_count=298 500 281 864 2468 2080 120 200
internal_value=0 -0.00506769 -9.86622e-05 0.00116402 -0.00176212 -0.0141913 0.00381263
internal_weight=0 433.57 283.478 1253.96 590.541 150.093 663.415
internal_count=6811 1765 1145 5046 2378 620 2668
is_linear=0
shrinkage=0.03


Tree=71
num_leaves=8
num_cat=0
split_feature=12 6 14 11 12 33 12
split_gain=13.1494 14.3551 15.2978 10.4228 13.9156 11.6893 2.70622
threshold=2.5578500032424931 0.33245000243186956 18.500000000000004 -0.010149999987334011 -6.0955500602722159 -0.038499999791383736 3.150400042533875
decision_type=2 10 2 2 2 10 2
left_child=3 6 -3 4 -1 -5 -2
right_child=1 2 -4 5 -6 -7 -8
leaf_value=0.0054709326501995508 0 -0.0040796515545654414 -0.019944200055043198 0.0082398929787991654 -0.0036544358957367401 -0.00088880342416478345 0.013889469675575984
leaf_weight=205.74797737598419 21.18539859354496 308.77635107934475 68.215823158621788 300.13070397078991 540.36148937046528 207.68074391782284 35.007845655083656
leaf_count=829 85 1255 284 1207 2175 835 141
internal_value=0 -0.00492025 -0.00707484 0.00113038 -0.0010939 0.00445314 0.00888098
internal_weight=0 433.185 376.992 1253.92 746.109 507.811 56.1932
internal_count=6811 1765 1539 5046 3004 2042 226
is_linear=0
shrinkage=0.03


Tree=72
num_leaves=8
num_cat=0
split_feature=12 5 15 3 37 28 10
split_gain=12.3804 19.9955 9.32358 9.16819 10.6237 8.35954 4.9389
threshold=2.5578500032424931 0.62149998545646679 4.5000000000000009 36.365449905395515 2.3276395797729497 7.1543998718261728 8.4893002510070819
decision_type=2 10 2 2 8 10 10
left_child=3 6 -3 5 -5 -1 -2
right_child=1 2 -4 4 -6 -7 -8
leaf_value=-0.0016635005930049191 -0.016031932543874226 -0.0027546522956128005 0.010917335441169561 0.0014386000795010014 0.012382029477617039 0.0074260373269358004 -7.2537507775944122e-05
leaf_weight=772.52555081248283 124.82289434969425 228.56422583758831 54.78794801235199 260.00125333666801 119.67230135202408 101.67662321031094 24.694243848323822
leaf_count=3107 516 924 221 1047 481 411 104
internal_value=0 -0.00477647 0 0.00109602 0.00499022 -0.000564761 -0.0136134
internal_weight=0 432.869 283.352 1253.88 379.674 874.202 149.517
internal_count=6811 1765 1145 5046 1528 3518 620
is_linear=0
shrinkage=0.03


Tree=73
num_leaves=8
num_cat=0
split_feature=7 12 7 24 24 8 30
split_gain=11.8154 16.0042 15.2319 14.4585 12.8786 11.009 5.39063
threshold=0.38504999876022344 2.8950999975204472 0.61425000429153453 1.188849985599518 -14.197450160980223 0.15815000236034396 0.57280001044273388
decision_type=8 2 10 2 2 10 10
left_child=4 2 -2 -3 6 -6 -1
right_child=1 3 -4 -5 5 -7 -8
leaf_value=-0.018026704177271799 -0.0029975573246684662 -0.0015873099788716403 0.0041307479124163722 -0.014336864213307208 0.014832010310666279 0.00075796508193242762 0
leaf_weight=22.876728072762489 583.61455294489861 191.34479938447475 498.87179163098335 145.01356433331966 118.38490921258926 94.400818377733231 31.868480086326599
leaf_count=92 2348 778 2010 598 477 380 128
internal_value=0 -0.00149049 0.000260667 -0.00719913 0.00536415 0.00876124 -0.00722193
internal_weight=0 1418.84 1082.49 336.358 267.531 212.786 54.7452
internal_count=6811 5734 4358 1376 1077 857 220
is_linear=0
shrinkage=0.03


Tree=74
num_leaves=8
num_cat=0
split_feature=15 2 11 1 23 23 8
split_gain=11.0489 11.5689 12.118 10.477 13.2454 12.0585 10.2755
threshold=4.5000000000000009 40.35264968872071 1.7351500391960146 0.55085000395774852 1.19870001077652 -0.25684998929500574 1.666149973869324
decision_type=2 2 2 2 2 2 10
left_child=1 2 -1 5 -5 -2 -3
right_child=3 6 -4 4 -6 -7 -8
leaf_value=0.0035947439816981851 -0.011821972853281675 -0.0053795840771811492 -0.0066394215830978291 0.01290453584983333 -0.003906302717862381 0.0043206084445435817 0.0088442138719491709
leaf_weight=467.75647017359734 62.631742909550667 647.73570619523525 131.65120495855808 158.71836058795452 53.475923359394073 117.21729879081249 46.783063977956772
leaf_count=1886 252 2616 538 640 216 473 190
internal_value=0 -0.00172442 0.00128968 0.0040118 0.0085288 -0.00116938 -0.00436699
internal_weight=0 1293.93 599.408 392.043 212.194 179.849 694.519
internal_count=6811 5230 2424 1581 856 725 2806
is_linear=0
shrinkage=0.03


Tree=75
num_leaves=8
num_cat=0
split_feature=11 37 26 30 12 12 10
split_gain=13.0049 22.8742 19.692 17.8444 16.5329 14.4176 13.5344
threshold=-2.7292499542236324 0.2987921684980393 -3.6373000144958492 3.1331000328063969 2.1144000291824345 -5.8658502101898184 -10.707550048828123
decision_type=2 10 8 10 2 2 10
left_child=1 6 5 -3 -4 -2 -1
right_child=2 3 4 -5 -6 -7 -8
leaf_value=-0.010518403672381835 0.032858934422585383 -0.032042246716555867 0.0030349455100547123 -0.001184493411712002 -0.0043855645282588418 0.007505021492133339 0.0047399020577242644
leaf_weight=77.086470082402229 24.350036129355431 41.894566461443901 809.82795725762844 31.382526159286499 402.94945065677166 139.13371132314205 156.98685669898987
leaf_count=311 99 170 3255 127 1644 563 634
internal_value=0 -0.00491421 0.00189068 -0.0194245 0.000543157 0.0116406 -0.000180807
internal_weight=0 307.35 1376.26 73.2771 1212.78 163.484 234.073
internal_count=6803 1242 5561 297 4899 662 945
is_linear=0
shrinkage=0.03


Tree=76
num_leaves=7
num_cat=0
split_feature=11 26 12 12 8 30
split_gain=12.2724 18.5887 15.5625 13.6654 10.9292 13.4176
threshold=-2.7292499542236324 -3.6373000144958492 2.1144000291824345 -5.8658502101898184 1.3454999923706057 2.1054999828338627
decision_type=2 8 2 2 10 10
left_child=4 3 -3 -2 5 -1
right_child=1 2 -4 -5 -6 -7
leaf_value=-0.0011306541147385568 0.032016538392665286 0.0029441078175868477 -0.0042561379136168784 0.007283584473977249 0.011549866793846959 -0.014818744609872191
leaf_weight=165.90895429253578 24.268529340624809 809.80125652253628 402.77982859313488 139.09377938508987 30.888052314519882 110.4504576176405
leaf_count=670 99 3255 1644 563 125 447
internal_value=0 0.00183591 0.000526165 0.0113128 -0.00477528 -0.00674314
internal_weight=0 1375.94 1212.58 163.362 307.247 276.359
internal_count=6803 5561 4899 662 1242 1117
is_linear=0
shrinkage=0.03


Tree=77
num_leaves=6
num_cat=0
split_feature=26 37 37 21 37
split_gain=9.70382 10.0994 11.2802 5.86835 4.86398
threshold=0.30409999191761022 2.0952045917510991 0.53174901008605968 0.70750001072883617 2.2621407508850102
decision_type=8 10 10 2 10
left_child=1 2 -1 -3 -2
right_child=4 3 -4 -5 -6
leaf_value=0.0018688441328447397 -0.017708549998876354 0.019696998331677276 -0.0043386575578459726 0.0013855244589675872 0
leaf_weight=1218.4348336011171 37.027831628918648 39.399147778749466 333.76622804999352 32.30268394947052 21.833763793110847
leaf_count=4919 151 159 1354 131 89
internal_value=0 0.00104522 0.00051281 0.0119926 -0.0112288
internal_weight=0 1623.9 1552.2 71.7018 58.8616
internal_count=6803 6563 6273 290 240
is_linear=0
shrinkage=0.03


Tree=78
num_leaves=8
num_cat=0
split_feature=12 12 27 10 23 35 15
split_gain=8.27236 13.265 11.307 17.86 11.0355 9.86141 7.3748
threshold=2.1144000291824345 1.4041500091552737 1.2238999605178835 3.2114499807357793 -0.93749999999999989 -3.560150027275085 4.5000000000000009
decision_type=2 2 10 10 2 8 2
left_child=1 5 3 -2 -4 -1 -3
right_child=2 6 4 -5 -6 -7 -8
leaf_value=-0.0097874620609612936 -0.0055731552740047458 0.015741912898609892 0.012987528113375977 0.010570839919755035 -0.0092415710396459069 0.0016647463096752934 -0.0015890051144061656
leaf_weight=71.07280533015728 131.37159623205662 88.409636899828911 20.129453212022781 113.04365375638008 224.85410906374454 1008.6501004695892 25.11389222741127
leaf_count=288 530 356 82 456 929 4061 101
internal_value=0 0.00193543 -0.00268153 0.00178395 -0.00724775 0.000874786 0.0116656
internal_weight=0 1193.25 489.399 244.415 244.984 1079.72 113.524
internal_count=6803 4806 1997 986 1011 4349 457
is_linear=0
shrinkage=0.03


Tree=79
num_leaves=7
num_cat=0
split_feature=11 26 30 8 30 10
split_gain=11.5097 18.1133 14.4783 10.2774 13.9181 8.56909
threshold=-2.7132499217987056 -3.6373000144958492 0.73749998211860668 1.3454999923706057 2.1054999828338627 -14.030600070953367
decision_type=2 8 8 10 10 10
left_child=3 5 -3 4 -1 -2
right_child=1 2 -4 -5 -6 -7
leaf_value=-0.0008450593594869348 0.029045206864244454 -0.0068508015626348095 0.0019559719026676818 0.011240190325232114 -0.014631543247234622 0.0080524494461172175
leaf_weight=169.90276184678078 21.331286668777466 200.04893803596497 1007.7506858557463 30.899687394499779 112.32963944971561 140.14313924312592
leaf_count=686 87 805 4077 125 455 568
internal_value=0 0.00175943 0.000468019 -0.00459696 -0.00647034 0.011172
internal_weight=0 1369.27 1207.8 313.132 282.232 161.474
internal_count=6803 5537 4882 1266 1141 655
is_linear=0
shrinkage=0.03


Tree=80
num_leaves=8
num_cat=0
split_feature=31 37 6 38 6 36 26
split_gain=8.99782 14.2045 15.8569 10.0508 9.65066 10.6989 6.92086
threshold=2.5000000000000004 1.9500125050544741 0.67390000820159923 0.88806208968162548 0.65715000033378612 8.8593883514404315 -1.3887999653816221
decision_type=2 10 10 10 10 10 10
left_child=1 3 -3 -1 5 -2 -6
right_child=4 2 -4 -5 6 -7 -8
leaf_value=-0.00077255890936044351 -0.017788065556799026 0.021537518570510523 -0.0070321984057690823 0.0046607515805291164 0.01871071435231501 0 -0.0027083568703281371
leaf_weight=997.3301568031311 69.847386106848717 60.835150003433228 21.890915796160698 437.47474563121796 19.76455095410347 59.238973096013069 33.519917860627174
leaf_count=4029 282 246 89 1771 80 240 137
internal_value=0 0.00158914 0.0136254 0.000865266 -0.00542489 -0.0099149 0.00488219
internal_weight=0 1517.53 82.7261 1434.8 182.371 129.086 53.2845
internal_count=6874 6135 335 5800 739 522 217
is_linear=0
shrinkage=0.03


Tree=81
num_leaves=8
num_cat=0
split_feature=14 35 35 34 24 36 6
split_gain=9.18194 21.5867 17.6882 18.9111 17.4538 12.3044 11.4986
threshold=12.500000000000002 0.34429998695850378 -0.9878999888896941 -1.1981999874114988 24.6813497543335 32.886440277099616 0.30744999647140508
decision_type=2 10 10 8 2 8 10
left_child=2 5 3 -1 -3 -2 -4
right_child=1 4 6 -5 -6 -7 -8
leaf_value=0.017191715022100647 0.01089530982256815 -0.0069414166229708005 -0.0080424169596642441 -0.0069786674294848462 0.020397885956856644 0.0017198883953261034 0.0050635215926888725
leaf_weight=29.638670593500137 279.84501849114895 217.35242109000683 69.137968078255653 436.02332165837288 21.863153338432312 265.1185091137886 380.83732870221138
leaf_count=121 1133 884 278 1759 90 1070 1539
internal_value=0 0.00318179 -0.00122594 -0.00534243 -0.00424333 0.00649785 0.00296992
internal_weight=0 784.179 915.637 465.662 239.216 544.964 449.975
internal_count=6874 3177 3697 1880 974 2203 1817
is_linear=0
shrinkage=0.03


Tree=82
num_leaves=8
num_cat=0
split_feature=5 3 25 14 1 8 22
split_gain=10.6701 15.4623 11.4947 10.5184 6.93558 8.06258 6.38011
threshold=0.3834999948740006 10.754199981689455 -0.24954999983310697 12.500000000000002 0.53940001130104076 0.26110000908374792 0.58574998378753673
decision_type=10 2 2 2 2 10 2
left_child=4 2 -2 -3 5 -1 -6
right_child=1 3 -4 -5 6 -7 -8
leaf_value=-0.0061494976902265828 -0.009249451577356722 0.00060840089038174386 0.0014007829104173467 0.0064031735412359561 -0.0064893876725047213 0.0111291132325498 -0.028493665986933338
leaf_weight=92.996558904647827 176.1574585288763 622.51403895020485 179.07553507387638 534.68905082345009 43.73976369202137 31.2054653018713 19.25260891020298
leaf_count=377 710 2513 724 2165 178 127 80
internal_value=0 0.00162088 -0.00380752 0.00331501 -0.00593545 -0.00151446 -0.0140236
internal_weight=0 1512.44 355.233 1157.2 187.194 124.202 62.9924
internal_count=6874 6112 1434 4678 762 504 258
is_linear=0
shrinkage=0.03


Tree=83
num_leaves=8
num_cat=0
split_feature=3 30 15 14 10 4 25
split_gain=9.71875 13.6266 21.0215 19.1469 12.3931 10.7799 8.89753
threshold=10.534399986267092 1.5501499772071841 3.5000000000000004 13.500000000000002 0.073849998414516463 15.794950008392336 -9.1395497322082502
decision_type=2 10 2 2 10 2 2
left_child=4 3 -3 -2 5 -1 -6
right_child=1 2 -4 -5 6 -7 -8
leaf_value=0.0031511809149307271 0.00048459185835311995 -0.004410669498924511 0.0060034375903419979 0.011728147044551504 -0.014271250106527042 -0.011635407063974802 0.0059422098835338645
leaf_weight=55.278716191649437 313.66031078994274 482.04661482572556 271.20284593105316 248.48877038061619 21.320364281535149 172.22822758555412 135.26016074419022
leaf_count=223 1265 1957 1095 1005 86 695 548
internal_value=0 0.00198429 -0.000618371 0.00551989 -0.00342023 -0.00791327 0.00292642
internal_weight=0 1315.4 753.249 562.149 384.087 227.507 156.581
internal_count=6874 5322 3052 2270 1552 918 634
is_linear=0
shrinkage=0.03


Tree=84
num_leaves=5
num_cat=0
split_feature=2 11 34 37
split_gain=12.5876 8.82166 15.5724 13.0929
threshold=1.310000002384186 -3.1551499366760249 -1.7857000231742857 -0.017041155137121674
decision_type=2 2 8 10
left_child=-1 3 -3 -2
right_child=1 2 -4 -5
leaf_value=0.022564093301656863 -0.00042584251543386351 0.02090193205383167 0.00078486563855169464 -0.01630425881457459
leaf_weight=22.469917640089989 175.70177000761032 34.714348673820496 1401.4350958019495 64.851375058293343
leaf_count=91 710 143 5666 264
internal_value=0 0.000398352 0.00130621 -0.00488052
internal_weight=0 1676.7 1436.15 240.553
internal_count=6874 6783 5809 974
is_linear=0
shrinkage=0.03


Tree=85
num_leaves=8
num_cat=0
split_feature=12 8 15 7 33 29 13
split_gain=9.53373 16.9234 9.86088 16.919 10.7032 7.12159 4.92878
threshold=2.5239499807357793 0.59314998984336864 1.0000000180025095e-35 0.51714998483657848 0.3059500008821488 -1.1835500001907346 1.0000000180025095e-35
decision_type=2 10 2 10 10 10 2
left_child=2 5 3 -1 -4 -2 -3
right_child=1 6 4 -5 -6 -7 -8
leaf_value=-0.00095489337189780862 -0.0022332657036790711 -0.0027665813432129582 0.0021641686871770776 0.015896810454973126 -0.0065448797425987559 0.0078270575585122782 -0.018282553720227707
leaf_weight=95.003041967749596 256.67109642922878 32.286330729722977 885.21262463927269 113.08664251863956 146.28419505059719 82.765343025326729 68.836536765098572
leaf_count=382 1044 133 3568 456 590 338 287
internal_value=0 -0.00298644 0.00213278 0.00809194 0.000894876 0.000147423 -0.013698
internal_weight=0 440.559 1239.59 208.09 1031.5 339.436 101.123
internal_count=6798 1802 4996 838 4158 1382 420
is_linear=0
shrinkage=0.03


Tree=86
num_leaves=6
num_cat=0
split_feature=28 10 12 26 12
split_gain=9.0395 13.1321 17.6908 9.77517 9.05057
threshold=1.7163500189781191 6.5714998245239267 0.01729999948292971 -9.8336000442504865 2.5239499807357793
decision_type=8 10 2 8 2
left_child=1 2 -1 -2 -5
right_child=3 -3 -4 4 -6
leaf_value=0.010545129404806541 0.019366634799827556 0.027029736507493549 -0.0044281028293913626 0.00087547966236924764 -0.0045926826513808996
leaf_weight=149.63879279792309 21.365274965763092 22.806264311075211 130.21194975078106 982.40805311501026 373.43818457424641
leaf_count=603 88 92 524 3959 1532
internal_value=0 0.00543693 0.00348044 -0.000265258 -0.000610771
internal_weight=0 302.657 279.851 1377.21 1355.85
internal_count=6798 1219 1127 5579 5491
is_linear=0
shrinkage=0.03


Tree=87
num_leaves=8
num_cat=0
split_feature=7 25 38 15 26 7 9
split_gain=8.90921 19.909 15.7419 15.5208 11.8061 8.96458 4.18826
threshold=0.38199999928474432 -7.3469498157501212 0.70445662736892711 1.0000000180025095e-35 -0.86104997992515553 0.34594999253749853 0.77229997515678417
decision_type=8 2 8 2 10 10 10
left_child=1 5 6 -4 -3 -1 -2
right_child=2 4 3 -5 -6 -7 -8
leaf_value=-0.02061470767237876 -0.0069420869144934793 0.018639436974265036 0.0076275433546210952 -0.00096187278445932574 0.0038078890906380475 0.0036214423536972047 -0.024898950828895029
leaf_weight=31.046191453933716 35.550261572003365 84.453358739614487 225.88921912014484 1129.3818148076534 128.08359234035015 20.412159264087677 24.734184682369232
leaf_count=125 144 341 916 4572 517 82 101
internal_value=0 0.00577844 -0.000198485 0.000452213 0.00990151 -0.0105432 -0.0150852
internal_weight=0 263.995 1415.56 1355.27 212.537 51.4584 60.2844
internal_count=6798 1065 5733 5488 858 207 245
is_linear=0
shrinkage=0.03


Tree=88
num_leaves=7
num_cat=0
split_feature=27 10 12 8 14 8
split_gain=8.88846 21.772 14.4906 12.9865 11.3988 11.0447
threshold=1.1998499631881716 7.7082500457763681 3.6279500722885136 1.3454999923706057 18.500000000000004 0.34660001099109655
decision_type=8 8 2 10 2 10
left_child=1 5 3 -2 -4 -1
right_child=2 -3 4 -5 -6 -7
leaf_value=0.0032038859337066173 -0.0013577265904189315 0.024947654659057693 -0.0043775119965368484 0.0092162774859507832 -0.022797304650026565 -0.0078044204856237065
leaf_weight=671.12617757916451 585.14470101892948 37.931500285863876 126.19517411291599 125.82616040110588 41.934305101633072 91.275207340717316
leaf_count=2712 2357 153 521 508 179 368
internal_value=0 0.00300064 -0.00135501 0.000481819 -0.00925672 0.00183817
internal_weight=0 800.333 879.1 710.971 168.129 762.401
internal_count=6798 3233 3565 2865 700 3080
is_linear=0
shrinkage=0.03


Tree=89
num_leaves=6
num_cat=0
split_feature=22 23 12 22 14
split_gain=9.53833 11.0936 15.679 8.75457 3.25572
threshold=-3.321849942207336 -3.5332000255584712 0.70875000953674328 -2.5269000530242915 13.500000000000002
decision_type=2 2 2 2 2
left_child=4 3 -3 -2 -1
right_child=1 2 -4 -5 -6
leaf_value=0.023525818990577083 0.0010623655752043716 0.0036505171097088972 -0.0024282032612990326 -0.01675250458988661 0.0053215386263353107
leaf_weight=19.56017193198204 37.33948926627636 850.01557508111 686.91352361440659 58.36139452457428 26.890549197793007
leaf_count=81 151 3424 2795 235 112
internal_value=0 0.00027701 0.000914381 -0.00955236 0.0139538
internal_weight=0 1632.63 1536.93 95.7009 46.4507
internal_count=6798 6605 6219 386 193
is_linear=0
shrinkage=0.03


Tree=90
num_leaves=8
num_cat=0
split_feature=2 12 11 9 25 39 11
split_gain=9.31276 11.0084 7.25638 6.9763 11.0241 6.83343 5.37216
threshold=40.35264968872071 4.5630500316619882 -2.7132499217987056 -5.3546500205993643 -0.79409998655319203 -0.42650000751018519 -4.7822499275207511
decision_type=2 2 2 8 2 8 2
left_child=1 2 -1 6 -5 -3 -2
right_child=3 5 -4 4 -6 -7 -8
leaf_value=-0.0020619376206350158 -0.00028812495460710507 0.0067816526464537065 0.0055257605542443043 -0.0071868845844206544 0 -0.010750586680228781 0.017788984125648975
leaf_weight=136.32478651404381 25.407332867383957 23.620073154568672 541.07054154574871 304.46096388995647 533.40204499661922 79.795881539583206 26.324811726808548
leaf_count=551 103 97 2183 1230 2161 331 107
internal_value=0 0.00253329 0.00395374 -0.00195136 -0.00264208 -0.00643233 0.00850472
internal_weight=0 780.811 677.395 889.595 837.863 103.416 51.7321
internal_count=6763 3162 2734 3601 3391 428 210
is_linear=0
shrinkage=0.03


Tree=91
num_leaves=8
num_cat=0
split_feature=12 12 36 1 25 34 21
split_gain=8.78788 23.1473 10.9426 10.5978 10.0088 8.52323 3.50782
threshold=-5.9646501541137686 -6.9563000202178946 1.1046898961067202 0.68395000696182262 0.24644999951124194 1.3315500020980837 0.26475000381469732
decision_type=2 2 8 2 2 8 2
left_child=1 5 3 -2 -4 -1 -3
right_child=2 6 4 -5 -6 -7 -8
leaf_value=-0.0031479596029100033 0.028955319771011914 0.031071117408264706 -0.0036636767778757779 0 0.0014117613160274077 0.011411940585622997 0.011343115016574165
leaf_weight=140.35603451728821 20.556043043732643 28.089129477739334 729.66989086568356 22.439898252487183 659.2869924902916 47.38817797601223 22.370590224862099
leaf_count=568 83 114 2947 91 2679 191 90
internal_value=0 0.00546039 -0.0007481 0.0139281 -0.00123369 0.000409125 0.0232984
internal_weight=0 238.204 1431.95 42.9959 1388.96 187.744 50.4597
internal_count=6763 963 5800 174 5626 759 204
is_linear=0
shrinkage=0.03


Tree=92
num_leaves=6
num_cat=0
split_feature=29 6 7 7 27
split_gain=9.97309 11.6717 11.2327 9.72803 5.93095
threshold=-8.4766001701354963 0.88865000009536754 0.61664998531341564 0.74915000796318065 1.1089500188827517
decision_type=10 8 10 10 10
left_child=4 2 -2 -3 -1
right_child=1 3 -4 -5 -6
leaf_value=0.0014557352096713414 -0.0012954366390735914 -0.01716243360642155 0.004229328925673864 -0.0016069998281509714 0.024704510931667482
leaf_weight=22.580265119671822 966.40768659114838 62.260677605867386 500.03166536986828 96.5943563580513 22.244346424937248
leaf_count=93 3904 253 2029 394 90
internal_value=0 -0.000250096 0.000569572 -0.0079606 0.013935
internal_weight=0 1625.29 1466.44 158.855 44.8246
internal_count=6763 6580 5933 647 183
is_linear=0
shrinkage=0.03


Tree=93
num_leaves=6
num_cat=0
split_feature=29 6 12 15 38
split_gain=9.43902 11.0088 21.848 15.17 2.70727
threshold=-8.4766001701354963 0.88865000009536754 -5.8658502101898184 3.5000000000000004 0.90424978733062755
decision_type=10 8 2 2 8
left_child=4 2 -2 -3 -1
right_child=1 3 -4 -5 -6
leaf_value=0.0040255725108771295 0.012243747678936909 -0.015180534786264372 -0.0005733154425298973 0.0033986324655892026 0.021055606499247984
leaf_weight=22.161960035562515 130.21697516739368 96.547643095254898 1336.2476016432047 62.256418943405151 22.644965618848801
leaf_count=90 526 396 5407 251 93
internal_value=0 -0.000243451 0.00055192 -0.00773347 0.0135591
internal_weight=0 1625.27 1466.46 158.804 44.8069
internal_count=6763 6580 5933 647 183
is_linear=0
shrinkage=0.03


Tree=94
num_leaves=8
num_cat=0
split_feature=2 33 5 14 37 10 2
split_gain=8.67162 9.6329 6.61864 8.29674 7.13934 5.33641 3.14493
threshold=40.35264968872071 -0.3739000111818313 0.72249999642372142 16.500000000000004 0.47943985462188726 3.9156500101089482 22.148200035095218
decision_type=2 8 10 2 10 8 2
left_child=1 6 4 -4 -2 -3 -1
right_child=2 5 3 -5 -6 -7 -8
leaf_value=0.003448797609125611 -0.002484317580198583 0.0028654178000451268 -0.0019183331319976638 0.0067076175893355629 -0.012636915458897814 -0.0033205904208760588 0.021061375904601404
leaf_weight=19.798940628767014 262.38180583715439 573.79486244916916 409.09999166429043 131.63942669332027 86.235990032553673 155.78543235361576 31.123662516474724
leaf_count=80 1065 2319 1649 534 353 637 126
internal_value=0 0.00243724 -0.00189107 0.000134726 -0.00511049 0.00150073 0.0149896
internal_weight=0 780.503 889.357 540.739 348.618 729.58 50.9226
internal_count=6763 3162 3601 2183 1418 2956 206
is_linear=0
shrinkage=0.03


Tree=95
num_leaves=8
num_cat=0
split_feature=15 11 38 38 38 7 35
split_gain=11.5975 16.4409 18.4042 16.3387 15.5212 16.0779 14.3017
threshold=3.5000000000000004 0.08260000124573709 0.95131027698516857 0.78783711791038524 0.90731611847877514 0.39415000379085546 -0.32819999754428858
decision_type=2 2 10 10 10 10 10
left_child=4 2 -2 -3 6 -6 -1
right_child=1 3 -4 -5 5 -7 -8
leaf_value=-0.0011790184193246585 -0.0036210437801613665 0.014944382697044921 0.025077764133784312 0.00095655149126078491 0.029828074498976807 0.0020728029281352409 -0.0098579042305620441
leaf_weight=545.69518519937992 289.05067548155785 156.60188093781471 20.478585973381996 153.30840259790421 19.817888155579567 237.77795401215553 254.77890668809414
leaf_count=2208 1166 634 83 621 80 966 1037
internal_value=0 0.00325772 -0.00155107 0.00814662 -0.00190744 0.00443123 -0.00398766
internal_weight=0 619.44 309.529 309.91 1058.07 257.596 800.474
internal_count=6795 2504 1249 1255 4291 1046 3245
is_linear=0
shrinkage=0.03


Tree=96
num_leaves=8
num_cat=0
split_feature=0 30 1 7 1 34 34
split_gain=7.70508 9.77739 12.1308 9.06199 7.07263 4.574 4.40274
threshold=-0.82499998807907093 1.566350042819977 0.72040000557899486 0.61664998531341564 1.6761499643325808 -0.75360000133514393 0.021300000138580803
decision_type=2 10 2 10 2 10 10
left_child=4 2 -2 -3 5 -1 -6
right_child=1 3 -4 -5 6 -7 -8
leaf_value=-0.0025382041157021411 0.00012070683102859268 -0.0045048551181611418 0.0085199622286377275 0.0015709955912362324 -0.0054866716101334969 -0.022412083920729853 0.0095574075519456875
leaf_weight=21.066649883985519 415.65771560370922 439.64614887535572 252.8454168587923 432.77129401266575 60.209945857524872 32.111710160970688 22.972621470689774
leaf_count=85 1678 1782 1023 1759 245 130 93
internal_value=0 0.000609274 0.00335032 -0.00145817 -0.00680568 -0.0152849 -0.000911385
internal_weight=0 1540.92 668.503 872.417 136.361 53.1784 83.1826
internal_count=6795 6242 2701 3541 553 215 338
is_linear=0
shrinkage=0.03


Tree=97
num_leaves=7
num_cat=0
split_feature=38 7 7 6 8 29
split_gain=8.74625 13.5318 10.6789 9.82937 13.3462 6.26483
threshold=0.91015315055847179 0.39415000379085546 0.42434999346733099 0.56314998865127575 0.59314998984336864 -3.3897500038146968
decision_type=10 10 10 8 10 10
left_child=3 -2 -3 4 -1 -5
right_child=1 2 -4 5 -6 -7
leaf_value=0.0025987624259983066 0.027708070067897436 -0.016614105067754969 0.0041742839848301376 -0.00048425182658972857 -0.0070732569093142142 -0.007592410249012649
leaf_weight=695.71466130018234 20.02492356300354 22.55752968788147 307.62602251768112 206.87135802209377 155.64375133812428 268.66296151280403
leaf_count=2809 81 91 1249 839 631 1095
internal_value=0 0.0042125 0.0026176 -0.00111111 0.000789122 -0.00457061
internal_weight=0 350.208 330.184 1326.89 851.358 475.534
internal_count=6795 1421 1340 5374 3440 1934
is_linear=0
shrinkage=0.03


Tree=98
num_leaves=5
num_cat=0
split_feature=2 4 7 7
split_gain=7.43939 6.87254 8.74054 7.85648
threshold=1.310000002384186 47.735698699951179 1.0640499591827395 0.38199999928474432
decision_type=2 2 8 8
left_child=-1 2 -2 -3
right_child=1 3 -4 -5
leaf_value=0.016207070068128035 0.0011774795994419136 0.0068484013592455296 -0.010781735196670699 -0.0064254668149243644
leaf_weight=24.114411547780037 1295.2012945860624 44.599038496613503 56.139608904719353 256.79015196859837
leaf_count=98 5247 180 228 1042
internal_value=0 -0.000244269 0.000650861 -0.00434586
internal_weight=0 1652.73 1351.34 301.389
internal_count=6795 6697 5475 1222
is_linear=0
shrinkage=0.03


Tree=99
num_leaves=8
num_cat=0
split_feature=15 6 11 9 23 37 29
split_gain=10.901 18.3769 15.5847 13.7092 13.2645 12.6122 8.10993
threshold=3.5000000000000004 0.88865000009536754 0.08260000124573709 -2.6113499402999873 0.70325002074241649 1.1126809716224673 -8.2104997634887678
decision_type=2 8 2 10 2 10 10
left_child=1 3 4 -1 -2 -4 -3
right_child=2 6 5 -5 -6 -7 -8
leaf_value=0.007407827602700881 0.00059535457791080599 0.0027891054132961695 0.011292945378465973 -0.0021098877756379943 -0.018847580870896823 -0.0026336546421357166 -0.016693963832321849
leaf_weight=163.69152604043484 275.12779197096825 20.500431999564171 236.92591765522957 777.00838638842106 34.349578604102135 72.906179577112198 96.325751140713692
leaf_count=663 1111 84 959 3149 138 296 395
internal_value=0 -0.00184813 0.00316033 -0.000415742 -0.00151979 0.00792145 -0.0130258
internal_weight=0 1057.53 619.309 940.7 309.477 309.832 116.826
internal_count=6795 4291 2504 3812 1249 1255 479
is_linear=0
shrinkage=0.03


end of trees

feature_importances:
Column_12=60
Column_11=50
Column_10=39
Column_5=38
Column_7=31
Column_26=31
Column_15=30
Column_8=26
Column_14=26
Column_38=26
Column_35=23
Column_23=21
Column_3=18
Column_6=18
Column_27=18
Column_22=17
Column_34=17
Column_29=16
Column_28=15
Column_30=15
Column_2=14
Column_25=14
Column_37=13
Column_21=11
Column_36=11
Column_1=10
Column_9=9
Column_24=6
Column_4=5
Column_39=5
Column_31=4
Column_32=4
Column_33=4
Column_0=3
Column_13=1

parameters:
[boosting: gbdt]
[objective: binary]
[metric: binary_logloss]
[tree_learner: serial]
[device_type: cpu]
[data_sample_strategy: bagging]
[data: ]
[valid: ]
[num_iterations: 100]
[learning_rate: 0.03]
[num_leaves: 8]
[num_threads: 0]
[seed: 42]
[deterministic: 0]
[force_col_wise: 0]
[force_row_wise: 0]
[histogram_pool_size: -1]
[max_depth: 3]
[min_data_in_leaf: 80]
[min_sum_hessian_in_leaf: 0.001]
[bagging_fraction: 0.6]
[pos_bagging_fraction: 1]
[neg_bagging_fraction: 1]
[bagging_freq: 5]
[bagging_seed: 400]
[feature_fraction: 0.5]
[feature_fraction_bynode: 1]
[feature_fraction_seed: 30056]
[extra_trees: 0]
[extra_seed: 12879]
[early_stopping_round: 0]
[early_stopping_min_delta: 0]
[first_metric_only: 0]
[max_delta_step: 0]
[lambda_l1: 1]
[lambda_l2: 1]
[linear_lambda: 0]
[min_gain_to_split: 0]
[drop_rate: 0.1]
[max_drop: 50]
[skip_drop: 0.5]
[xgboost_dart_mode: 0]
[uniform_drop: 0]
[drop_seed: 17869]
[top_rate: 0.2]
[other_rate: 0.1]
[min_data_per_group: 100]
[max_cat_threshold: 32]
[cat_l2: 10]
[cat_smooth: 10]
[max_cat_to_onehot: 4]
[top_k: 20]
[monotone_constraints: ]
[monotone_constraints_method: basic]
[monotone_penalty: 0]
[feature_contri: ]
[forcedsplits_filename: ]
[refit_decay_rate: 0.9]
[cegb_tradeoff: 1]
[cegb_penalty_split: 0]
[cegb_penalty_feature_lazy: ]
[cegb_penalty_feature_coupled: ]
[path_smooth: 0]
[interaction_constraints: ]
[verbosity: -1]
[saved_feature_importance_type: 0]
[use_quantized_grad: 0]
[num_grad_quant_bins: 4]
[quant_train_renew_leaf: 0]
[stochastic_rounding: 1]
[linear_tree: 0]
[max_bin: 255]
[max_bin_by_feature: ]
[min_data_in_bin: 3]
[bin_construct_sample_cnt: 200000]
[data_random_seed: 175]
[is_enable_sparse: 1]
[enable_bundle: 1]
[use_missing: 1]
[zero_as_missing: 0]
[feature_pre_filter: 1]
[pre_partition: 0]
[two_round: 0]
[header: 0]
[label_column: ]
[weight_column: ]
[group_column: ]
[ignore_column: ]
[categorical_feature: ]
[forcedbins_filename: ]
[precise_float_parser: 0]
[parser_config_file: ]
[objective_seed: 16083]
[num_class: 1]
[is_unbalance: 0]
[scale_pos_weight: 1]
[sigmoid: 1]
[boost_from_average: 1]
[reg_sqrt: 0]
[alpha: 0.9]
[fair_c: 1]
[poisson_max_delta_step: 0.7]
[tweedie_variance_power: 1.5]
[lambdarank_truncation_level: 30]
[lambdarank_norm: 1]
[label_gain: ]
[lambdarank_position_bias_regularization: 0]
[eval_at: ]
[multi_error_top_k: 1]
[auc_mu_weights: ]
[num_machines: 1]
[local_listen_port: 12400]
[time_out: 120]
[machine_list_filename: ]
[machines: ]
[gpu_platform_id: -1]
[gpu_device_id: -1]
[gpu_use_dp: 0]
[num_gpu: 1]

end of parameters

pandas_categorical:null
