tree
version=v4
num_class=1
num_tree_per_iteration=1
label_index=0
max_feature_idx=32
objective=binary sigmoid:1
feature_names=Column_0 Column_1 Column_2 Column_3 Column_4 Column_5 Column_6 Column_7 Column_8 Column_9 Column_10 Column_11 Column_12 Column_13 Column_14 Column_15 Column_16 Column_17 Column_18 Column_19 Column_20 Column_21 Column_22 Column_23 Column_24 Column_25 Column_26 Column_27 Column_28 Column_29 Column_30 Column_31 Column_32
feature_infos=[-3.6970999240875244:3.1472001075744629] [0.10329999774694443:8.5553998947143555] [0:100] [0:95.23809814453125] [0:100] [0.096000000834465027:13.185000419616699] [0.11680000275373459:1.7553000450134277] [0.15870000422000885:1.7553000450134277] [-8.0193004608154297:5.1996002197265625] [-14.217599868774414:11.79740047454834] [-23.954099655151367:11.943400382995605] [-10.268600463867188:8.570500373840332] [-16.19219970703125:13.58549976348877] [0:1] [0:23] [0:6] [-0.012728000059723854:0.021921999752521515] [-1:1] none none none [-5.6630001068115234:3.4628000259399414] [-9.5347995758056641:5.4506998062133789] [-14.803899765014648:8.2539997100830078] [-26.14069938659668:19.666500091552734] [-23.030399322509766:18.378400802612305] [-19.02400016784668:1.6033999919891357] [-2.1328999996185303:11.344599723815918] [0.4666999876499176:18.673900604248047] [-16.833099365234375:0] [0:14.423199653625488] [-9:13] [0:2]
tree_sizes=674 746 663 877 770 772 754 771 874 879 760 856 766 841 741 848 773 774 728 772 873 854 871 861 875 864 669 867 667 666 726 735 753 668 748 772 552 561 672 854 969 774 771 775 876 561 853 877 770 874 870 875 646 754 872 562 655 655 562 753 771 876 767 771 767 855 750 881 878 964 772 771 776 776 773 725 727 753 770 766 877 879 963 878 741 971 564 876 867 882 669 665 666 984 663 977 857 757 775 671

Tree=0
num_leaves=5
num_cat=0
split_feature=10 12 7 28
split_gain=17.4035 11.3739 16.9064 9.20993
threshold=3.9440000057220463 -5.5582501888275138 0.38230000436306005 3.0508500337600712
decision_type=8 2 10 8
left_child=1 -1 -3 -2
right_child=3 2 -4 -5
leaf_value=0.016862904655153402 -0.0075164515486153818 0.0072096723823448124 -0.0096633095093957219 -0.032866170807456796
leaf_weight=29.499887466430664 35.249865531921387 88.999660491943359 129.24950695037842 23.249911308288574
leaf_count=118 141 356 517 93
internal_value=-0.00390625 -0.000352339 -0.0029002 -0.0184129
internal_weight=0 247.749 218.249 58.4998
internal_count=1225 991 873 234
is_linear=0
shrinkage=1


Tree=1
num_leaves=6
num_cat=0
split_feature=10 24 5 14 15
split_gain=16.4413 13.4591 11.8844 10.209 5.76248
threshold=3.9440000057220463 2.4862000942230229 0.50350001454353344 14.500000000000002 2.5000000000000004
decision_type=8 2 10 2 2
left_child=2 -2 4 -4 -1
right_child=1 -3 3 -5 -6
leaf_value=-0.018401700571388846 -0.002635508018104589 -0.033579153562298063 0.0020764655767083729 0.017268479923661879 0
leaf_weight=25.749462634325027 38.49702525138855 19.996199086308479 128.99674473702908 60.748498409986496 32.249020144343376
leaf_count=103 154 80 516 243 129
internal_value=0 -0.0141046 0.00345052 0.00716262 -0.00810089
internal_weight=0 58.4932 247.744 189.745 57.9985
internal_count=1225 234 991 759 232
is_linear=0
shrinkage=0.03


Tree=2
num_leaves=5
num_cat=0
split_feature=23 12 5 0
split_gain=19.6335 13.1038 18.3014 7.93841
threshold=1.4117000102996828 0.90154999494552623 0.51850000023841869 0.26459999382495886
decision_type=2 2 10 2
left_child=1 2 -1 -3
right_child=-2 3 -4 -5
leaf_value=-0.0079654506197741944 -0.020064241390452851 -0.0086880820088442515 0.014784331599766089 0.010981378023912537
leaf_weight=41.246640995144844 37.234740182757378 91.741160050034523 114.99352319538593 20.998800083994865
leaf_count=165 149 367 460 84
internal_value=0 0.00290469 0.00857525 -0.00469638
internal_weight=0 268.98 156.24 112.74
internal_count=1225 1076 625 451
is_linear=0
shrinkage=0.03


Tree=3
num_leaves=7
num_cat=0
split_feature=14 30 16 16 1 11
split_gain=9.49143 8.81547 9.06916 7.64157 6.92183 6.68109
threshold=5.5000000000000009 2.7038500308990483 0.0011519999825395646 0.010689999908208849 0.49774999916553503 -0.44435000419616694
decision_type=2 2 8 8 2 2
left_child=4 2 -2 -3 -1 -6
right_child=1 3 -4 -5 5 -7
leaf_value=0.0011911265688870421 0.022137611672052502 -0.02118025881274415 0.0030849632624798166 0.00081885541452000866 -0.0029629660549912941 -0.028717221560649736
leaf_weight=26.996808841824532 26.746209099888802 20.989289686083794 156.22673498094082 33.234459653496742 20.497285827994347 21.491918921470642
leaf_count=108 107 84 625 133 82 86
internal_value=0 0.00290335 0.00613826 -0.0073828 -0.00966269 -0.0172043
internal_weight=0 237.197 182.973 54.2237 68.986 41.9892
internal_count=1225 949 732 217 276 168
is_linear=0
shrinkage=0.03


Tree=4
num_leaves=6
num_cat=0
split_feature=12 12 9 5 8
split_gain=15.0894 9.23925 8.29843 7.18375 7.12089
threshold=2.2710499763488774 -5.5582501888275138 0.87940001487731945 0.90950000286102306 0.63544997572898876
decision_type=2 2 10 10 10
left_child=1 -1 3 -2 -3
right_child=2 4 -4 -5 -6
leaf_value=0.019230163823040901 -0.013485796453272679 0.0041452610989056692 -0.024666258168932413 0.0093046303253013288 -0.010125618936485366
leaf_weight=29.741569131612778 26.994569465517998 164.7205630838871 27.223794832825661 20.246892675757408 37.232704594731331
leaf_count=119 108 659 109 81 149
internal_value=0 0.00382901 -0.0116081 -0.00310593 0.00132949
internal_weight=0 231.695 74.4653 47.2415 201.953
internal_count=1225 927 298 189 808
is_linear=0
shrinkage=0.03


Tree=5
num_leaves=6
num_cat=0
split_feature=7 21 7 28 29
split_gain=17.5079 17.3492 13.8074 12.3926 6.605
threshold=0.38059999048709875 -0.1597499996423721 0.41324999928474432 2.6176999807357793 -0.46899999678134913
decision_type=8 2 10 10 2
left_child=1 -1 -2 -4 -3
right_child=2 4 3 -5 -6
leaf_value=0.028471074649282654 -0.022160480278443164 -0.0041230344139905114 0.0093978910699371344 -0.0077543583927646509 0.013922913459750656
leaf_weight=29.744351848959923 36.22533605992794 53.728881195187569 56.484447628259659 107.43793506920338 25.738428339362144
leaf_count=119 145 215 226 430 103
internal_value=0 0.00927263 -0.00559572 -0.00164098 0.00144938
internal_weight=0 109.212 200.148 163.922 79.4673
internal_count=1238 437 801 656 318
is_linear=0
shrinkage=0.03


Tree=6
num_leaves=6
num_cat=0
split_feature=27 29 15 16 9
split_gain=8.74858 8.32579 8.42682 6.36174 7.25174
threshold=0.55439999699592601 -0.34245000779628748 2.5000000000000004 0.0032915000338107352 -0.7748500108718871
decision_type=10 2 2 8 10
left_child=3 2 -2 -1 -5
right_child=1 -3 -4 4 -6
leaf_value=0.021993592394176534 -0.012375568088915413 0.010038374143557943 0 -0.0063396717555415042 0.013081573325591083
leaf_weight=20.740536287426949 92.93072921037674 32.478082254528999 97.447977736592293 34.489058449864388 31.238231152296066
leaf_count=83 372 130 390 138 125
internal_value=0 -0.00346142 -0.00596163 0.00771587 0.00249879
internal_weight=0 222.857 190.379 86.4678 65.7273
internal_count=1238 892 762 346 263
is_linear=0
shrinkage=0.03


Tree=7
num_leaves=6
num_cat=0
split_feature=10 16 14 24 24
split_gain=9.17407 9.30678 6.20463 13.649 10.8139
threshold=3.912949919700623 0.0096245002932846564 13.500000000000002 -0.32175000011920923 1.1355499625205996
decision_type=8 8 2 2 2
left_child=2 -2 3 -1 -4
right_child=1 -3 4 -5 -6
leaf_value=-0.010606818815879996 -0.021499912447476444 0.00082307767110918544 0.014321918472333797 0.0071875495958244155 -0.007748961631366502
leaf_weight=74.475334167480469 32.200549200177193 28.949214741587639 70.966254279017448 77.715213507413864 24.989126235246658
leaf_count=298 129 116 284 311 100
internal_value=0 -0.010606 0.00226583 -0.00133679 0.00824406
internal_weight=0 61.1498 248.146 152.191 95.9554
internal_count=1238 245 993 609 384
is_linear=0
shrinkage=0.03


Tree=8
num_leaves=7
num_cat=0
split_feature=12 8 6 12 6 11
split_gain=10.3005 9.53999 9.44039 9.73781 9.41043 5.98964
threshold=2.090599894523621 -0.19934999942779538 0.47450000047683721 -4.5255000591278067 0.37349998950958258 0.80764999985694896
decision_type=2 10 8 2 10 2
left_child=2 -2 4 -4 -1 -3
right_child=1 5 3 -5 -6 -7
leaf_value=0.0024756311021995351 0.0026543303564285138 -0.0032654129678052813 0.0098983097903183187 -0.011228054462068614 0.019963871272457433 -0.026214942777180898
leaf_weight=98.693147346377373 31.971736162900925 20.982775866985321 26.486142575740814 61.21286004781723 40.724473372101784 29.188263967633247
leaf_count=395 128 84 106 245 163 117
internal_value=0 -0.00932912 0.0029955 -0.00446976 0.00790346 -0.0174545
internal_weight=0 82.1428 227.117 87.699 139.418 50.171
internal_count=1238 329 909 351 558 201
is_linear=0
shrinkage=0.03


Tree=9
num_leaves=7
num_cat=0
split_feature=7 16 7 26 29 0
split_gain=16.1607 17.7225 13.0887 12.8013 4.44666 2.94496
threshold=0.38140000402927404 0.0032570000039413576 0.41719999909400945 -1.4689000248908994 -0.46899999678134913 0.086699999868869795
decision_type=8 10 10 10 2 2
left_child=3 2 -2 -1 -5 -3
right_child=1 5 -4 4 -6 -7
leaf_value=0.029440956550530407 -0.019862072065911951 -0.012102168490361205 0.0036952003671801687 -0.00059731930647459637 0.013487560967451913 -0.030755978031194793
leaf_weight=21.232274040579796 24.468294963240623 28.45400595664978 125.90900598466396 62.44776563346386 26.475268080830574 20.221875384449959
leaf_count=85 98 114 504 250 106 81
internal_value=0 -0.00537885 -4.55742e-05 0.0088814 0.00336594 -0.0209187
internal_weight=0 199.053 150.377 110.155 88.923 48.6759
internal_count=1238 797 602 441 356 195
is_linear=0
shrinkage=0.03


Tree=10
num_leaves=6
num_cat=0
split_feature=7 7 21 12 12
split_gain=13.3685 14.2568 13.8128 8.62829 8.1601
threshold=0.38230000436306005 0.40495000779628759 -0.15029999613761899 -0.15369999408721921 -5.5582501888275138
decision_type=8 10 2 2 2
left_child=2 -2 -1 -4 -3
right_child=1 4 3 -5 -6
leaf_value=0.027158748754439532 -0.02226099790359105 0.0144892265704508 0.016770587093798611 -0.0037253969628288242 -0.0029928259516363758
leaf_weight=28.956998229026794 29.422718822956085 28.227494806051254 25.98160894215107 53.955998152494431 133.88225616514683
leaf_count=116 118 113 104 216 536
internal_value=0 -0.00341467 0.00965797 0.00269052 0
internal_weight=0 191.532 108.895 79.9376 162.11
internal_count=1203 767 436 320 649
is_linear=0
shrinkage=0.03


Tree=11
num_leaves=7
num_cat=0
split_feature=10 23 14 14 26 25
split_gain=12.8976 13.2709 7.08408 6.6595 3.37798 3.04833
threshold=3.4770499467849736 1.2012500166893008 5.5000000000000009 18.500000000000004 -0.976600021123886 0.4520500004291535
decision_type=8 2 2 2 8 2
left_child=2 5 4 -4 -1 -2
right_child=1 -3 3 -5 -6 -7
leaf_value=-0.010947774577771794 -0.0074843795476221405 -0.027720137421003915 0.011096194244751348 -0.001683243275288132 0.0029741341990371867 0.0079528817591810273
leaf_weight=30.97228042781353 23.470956981182098 23.64168655872345 131.1238939166069 45.194243878126144 25.23173800110817 20.70392781496048
leaf_count=124 94 95 525 181 101 83
internal_value=0 -0.0100791 0.00465184 0.00766033 -0.00423062 0
internal_weight=0 67.8166 232.522 176.318 56.204 44.1749
internal_count=1203 272 931 706 225 177
is_linear=0
shrinkage=0.03


Tree=12
num_leaves=6
num_cat=0
split_feature=7 7 21 16 9
split_gain=12.5438 13.3752 12.9543 8.29148 8.22836
threshold=0.38230000436306005 0.40495000779628759 -0.15029999613761899 0.0017799999914132061 1.3281000256538393
decision_type=8 10 2 10 10
left_child=2 -2 -1 -3 -4
right_child=1 3 4 -5 -6
leaf_value=0.026281782729376049 -0.021613830774194348 0.0038061010160537669 0.0086777865796886528 -0.012116560952293435 -0.012409608072324633
leaf_weight=28.918989092111588 29.384666830301285 124.62891069054604 58.449798226356506 37.433188453316689 21.461730256676674
leaf_count=116 118 499 234 150 86
internal_value=0 -0.00334768 0.00931868 0 0.00256022
internal_weight=0 191.447 108.831 162.062 79.9115
internal_count=1203 767 436 649 320
is_linear=0
shrinkage=0.03


Tree=13
num_leaves=7
num_cat=0
split_feature=10 23 7 6 26 9
split_gain=11.8358 12.4513 7.68604 9.92086 7.13948 6.73429
threshold=3.4770499467849736 1.2012500166893008 0.38230000436306005 0.32780000567436224 -0.46040000021457667 -0.22209999710321424
decision_type=8 2 8 10 10 10
left_child=2 5 4 -4 -1 -2
right_child=1 -3 3 -5 -6 -7
leaf_value=0.01787031019207486 -0.012718731162860892 -0.026801928829552246 -0.018757792787697618 0.00338963268442544 0 0.010295384893547647
leaf_weight=55.114499524235725 19.957050502300262 23.584017664194107 20.233263209462166 125.87713821232319 31.212467893958092 24.196635961532593
leaf_count=221 80 95 81 504 125 97
internal_value=0 -0.00968955 0.00442803 1.20844e-05 0.0114728 0
internal_weight=0 67.7377 232.437 146.11 86.327 44.1537
internal_count=1203 272 931 585 346 177
is_linear=0
shrinkage=0.03


Tree=14
num_leaves=6
num_cat=0
split_feature=10 23 12 9 12
split_gain=11.2335 11.0051 6.21756 7.44366 6.02863
threshold=3.9440000057220463 1.2012500166893008 2.090599894523621 0.26029999554157263 3.1430000066757207
decision_type=8 2 2 10 2
left_child=2 -2 3 -1 -4
right_child=1 -3 4 -5 -6
leaf_value=0.001229381532724353 0 -0.027560027717801468 -0.015593830154496013 0.013342383563985908 0.0053163278160682729
leaf_weight=119.31155736744404 34.66639232635498 20.789182528853416 24.964723229408264 80.13013918697834 20.215118274092674
leaf_count=478 139 84 100 321 81
internal_value=0 -0.0108495 0.00394214 0.006288 -0.0056757
internal_weight=0 55.4556 244.622 199.442 45.1798
internal_count=1203 223 980 799 181
is_linear=0
shrinkage=0.03


Tree=15
num_leaves=7
num_cat=0
split_feature=24 24 26 27 14 1
split_gain=12.162 16.4752 13.6662 7.67804 7.45398 7.1026
threshold=2.1607999801635747 -0.3576000034809112 -3.6852999925613399 2.0134999752044682 16.500000000000004 0.63844999670982372
decision_type=2 2 8 10 2 2
left_child=1 2 -1 -2 -3 -5
right_child=3 4 -4 5 -6 -7
leaf_value=0.014777466303647391 -0.025064103029897769 0.017793801254367719 -0.0079916227752166967 0.0092289792082757144 0 -0.01472143468278545
leaf_weight=29.718465909361839 19.917061448097229 81.352101162075996 98.06571164727211 21.394876733422279 27.186154991388321 20.343081146478653
leaf_count=119 80 326 393 86 109 82
internal_value=0 0.00471387 -0.00238969 -0.0100836 0.0132964 -0.00181382
internal_weight=0 236.322 127.784 61.655 108.538 41.738
internal_count=1195 947 512 248 435 168
is_linear=0
shrinkage=0.03


Tree=16
num_leaves=6
num_cat=0
split_feature=10 11 11 16 5
split_gain=8.61011 9.27719 6.41855 10.3443 9.12867
threshold=3.912949919700623 1.8152499794960024 0.58094999194145214 0.0025085000088438396 0.97849997878074657
decision_type=10 2 2 10 10
left_child=2 -2 4 -4 -1
right_child=1 -3 3 -5 -6
leaf_value=-0.005469980542592282 8.6711174444872058e-05 -0.023391640539559395 0.0014688057144260349 0.023912942058841348 0.0090604825530664953
leaf_weight=92.859939783811569 36.326351583003998 22.267966628074646 49.16950911283493 32.189778700470924 65.106791272759438
leaf_count=372 146 90 197 129 261
internal_value=0 -0.0085753 0.00408987 0.0108956 0.000349428
internal_weight=0 58.5943 239.326 81.3593 157.967
internal_count=1195 236 959 326 633
is_linear=0
shrinkage=0.03


Tree=17
num_leaves=6
num_cat=0
split_feature=25 25 23 28 16
split_gain=11.6846 16.4308 18.0543 8.84061 8.71663
threshold=2.1398999691009526 -1.1855999827384947 -1.1574500203132627 1.8564999699592593 0.0096245002932846564
decision_type=2 2 2 8 8
left_child=1 2 -1 -3 -2
right_child=4 3 -4 -5 -6
leaf_value=0.0037351985940883917 -0.026198835769947842 0.018552985867930635 -0.023918390082224614 0.0034245612736025534 -0.00083546636228225366
leaf_weight=59.907007247209549 19.804315239191055 67.818988114595413 30.702210932970047 83.574123576283455 36.037202075123787
leaf_count=240 80 272 123 335 145
internal_value=0 0.00438539 -0.00546633 0.0104757 -0.0106611
internal_weight=0 242.002 90.6092 151.393 55.8415
internal_count=1195 970 363 607 225
is_linear=0
shrinkage=0.03


Tree=18
num_leaves=6
num_cat=0
split_feature=24 24 26 14 1
split_gain=10.7997 14.6867 12.6465 6.99134 6.72197
threshold=2.1607999801635747 -0.3576000034809112 -3.3401499986648555 16.500000000000004 0.63264998793602001
decision_type=2 2 8 2 2
left_child=1 2 -1 -3 -2
right_child=4 3 -4 -5 -6
leaf_value=0.012522179918949895 0 0.016869184423458288 -0.0082762991066217123 0 -0.019725505293976788
leaf_weight=34.953853651881218 32.31579002737999 81.278362318873405 92.799530252814293 27.168573051691055 29.228313162922859
leaf_count=140 130 326 372 109 118
internal_value=0 0.00439636 -0.00229969 0.0125075 -0.00955648
internal_weight=0 236.2 127.753 108.447 61.5441
internal_count=1195 947 512 435 248
is_linear=0
shrinkage=0.03


Tree=19
num_leaves=6
num_cat=0
split_feature=7 25 28 25 25
split_gain=12.4724 10.6913 9.04072 12.8981 5.31542
threshold=0.38230000436306005 1.9757999777793886 5.1814501285552987 -1.2156999707221983 0.82455000281333934
decision_type=8 2 10 2 2
left_child=1 4 3 -2 -1
right_child=2 -3 -4 -5 -6
leaf_value=0.008926682487440574 -0.018811047000695497 -0.0086462673871339369 0.0099112722605269252 -0.00013799977545099118 0.027350908256557799
leaf_weight=60.748446226119995 49.423171147704124 20.129486903548241 36.589418053627014 107.86157557368279 22.898646920919418
leaf_count=244 198 81 147 433 92
internal_value=0 0.00975568 -0.00303261 -0.00627689 0.0145883
internal_weight=0 103.777 193.874 157.285 83.6471
internal_count=1195 417 778 631 336
is_linear=0
shrinkage=0.03


Tree=20
num_leaves=7
num_cat=0
split_feature=7 25 10 16 8 3
split_gain=12.524 9.0749 8.7004 7.51256 5.22234 3.20154
threshold=0.57125002145767223 1.9757999777793886 -5.442499876022338 0.010868499986827375 -0.097750000655651079 20.126600265502933
decision_type=8 2 8 8 10 2
left_child=1 4 -2 -3 -1 -4
right_child=2 3 5 -5 -6 -7
leaf_value=0.013712989321496999 0.00075304532634431706 -0.018536153089171295 -0.0066556854832705683 0.0043372963014917847 0.002868294032923976 -0.026020823900234743
leaf_weight=74.478410497307777 36.948526158928871 24.004122257232666 19.967826724052429 22.831437215209007 105.90931361913681 23.691028967499733
leaf_count=299 148 97 80 92 425 95
internal_value=0 0.00443235 -0.00923273 -0.00690106 0.00756215 -0.0181831
internal_weight=0 227.223 80.6074 46.8356 180.388 43.6589
internal_count=1236 913 323 189 724 175
is_linear=0
shrinkage=0.03


Tree=21
num_leaves=7
num_cat=0
split_feature=12 30 9 27 14 14
split_gain=7.79812 10.6215 9.20968 8.45795 7.97653 2.91207
threshold=-0.85259997844696034 2.9554499387741093 0.091800000518560423 0.81334999203681957 3.5000000000000004 10.500000000000002
decision_type=2 2 10 8 2 2
left_child=2 4 3 -1 -2 -4
right_child=1 -3 5 -5 -6 -7
leaf_value=0.011626476644403617 -0.015331506171162104 -0.0192304407162673 0.007689298129700632 -0.0092602886926530601 0.0028997472032287687 0.026492285860377374
leaf_weight=30.921201750636101 24.382186368107796 28.941131889820099 22.176528066396713 37.450067415833473 143.21869288384914 20.659717783331871
leaf_count=124 98 117 89 150 575 83
internal_value=0 -0.00276767 0.00710379 0 0 0.0178397
internal_weight=0 196.542 111.208 68.3713 167.601 42.8362
internal_count=1236 790 446 274 673 172
is_linear=0
shrinkage=0.03


Tree=22
num_leaves=7
num_cat=0
split_feature=7 25 10 31 24 5
split_gain=11.8715 8.2503 8.14434 5.65477 3.82426 1.77343
threshold=0.57125002145767223 1.9757999777793886 -5.442499876022338 2.5000000000000004 3.8219000101089482 0.72650000452995311
decision_type=8 2 8 2 2 10
left_child=1 3 -2 -1 -3 -4
right_child=2 4 5 -5 -6 -7
leaf_value=0.0093301320675669274 0.00062006812699562429 -0.014177157859307609 -0.025313287518083566 -0.005991763210702725 0.0018017974709563023 -0.0092616150235472518
leaf_weight=158.3953819423914 36.941468685865402 25.821608290076256 19.948955029249191 21.91106441617012 20.956656634807587 23.676961839199066
leaf_count=636 148 104 80 88 85 95
internal_value=0 0.00429318 -0.00901474 0.00727995 -0.0065028 -0.0176766
internal_weight=0 227.085 80.5674 180.306 46.7783 43.6259
internal_count=1236 913 323 724 189 175
is_linear=0
shrinkage=0.03


Tree=23
num_leaves=7
num_cat=0
split_feature=7 12 12 7 7 9
split_gain=11.1868 17.8959 5.92488 4.78183 5.48658 4.71904
threshold=0.57125002145767223 -0.85259997844696034 0.45450000464916235 0.79475000500679027 0.62790000438690197 0.039900001138448722
decision_type=8 2 2 10 8 10
left_child=1 5 -3 4 -2 -1
right_child=3 2 -4 -5 -6 -7
leaf_value=0.0089280280419620564 -0.0047648802979216864 -0.011368821385829288 0.0020750359919205325 0 -0.026391062726663098 0.028130984208901384
leaf_weight=33.906373888254166 30.891101315617561 36.592196464538574 130.45209345221519 29.439081087708473 20.212490230798721 26.074455693364143
leaf_count=136 124 147 525 118 81 105
internal_value=0 0.00416035 -0.000741537 -0.00875954 -0.0142366 0.0180922
internal_weight=0 227.025 167.044 80.5427 51.1036 59.9808
internal_count=1236 913 672 323 205 241
is_linear=0
shrinkage=0.03


Tree=24
num_leaves=7
num_cat=0
split_feature=12 6 24 24 12 4
split_gain=7.01908 13.7298 6.50113 13.9376 6.23511 4.11815
threshold=-0.85259997844696034 0.53615000844001781 -2.7175500392913814 -1.3033000230789182 -4.5255000591278067 21.461950302124027
decision_type=2 8 2 2 2 2
left_child=1 5 -2 -4 -3 -1
right_child=2 4 3 -5 -6 -7
leaf_value=0.0065942135634376635 0.012405214202290757 0.0059256895061878421 -0.026844947020894433 -0.0012512648207694608 -0.013890974859054281 0.024751733240202068
leaf_weight=28.105649799108505 20.928039863705635 25.431175619363785 21.43846184015274 154.05774369835854 27.462109118700027 30.079329639673233
leaf_count=113 84 102 86 620 110 121
internal_value=0 0.00671364 -0.00265598 -0.00468213 -0.00387327 0.0167474
internal_weight=0 111.078 196.424 175.496 52.8933 58.185
internal_count=1236 446 790 706 212 234
is_linear=0
shrinkage=0.03


Tree=25
num_leaves=7
num_cat=0
split_feature=14 9 16 25 16 1
split_gain=7.03499 8.71045 10.2332 7.5131 6.7311 6.54934
threshold=6.5000000000000009 1.2174499630928042 0.010868499986827375 -0.43654999136924738 0.0064554999116808185 0.47720000147819525
decision_type=2 8 8 2 8 2
left_child=4 3 -3 -2 -1 -6
right_child=1 2 -4 -5 5 -7
leaf_value=-0.016927263665575173 0.0012734007386507055 -0.020272109323595328 0.0054759730156970976 0.01451950178863729 0.013725094172178438 -0.007182884766646528
leaf_weight=31.063934653997421 90.73083932697773 24.495311111211777 27.083211436867714 74.329243734478951 19.929511681199074 36.829050913453102
leaf_count=125 364 99 109 299 80 148
internal_value=0 0.00403188 -0.00633454 0.00747051 -0.00593562 0
internal_weight=0 216.639 51.5785 165.06 87.8225 56.7586
internal_count=1224 871 208 663 353 228
is_linear=0
shrinkage=0.03


Tree=26
num_leaves=5
num_cat=0
split_feature=11 14 23 16
split_gain=10.2196 9.42215 12.417 9.44815
threshold=-3.6180000305175777 6.5000000000000009 -1.5348500013351438 0.0049709999002516278
decision_type=2 2 2 8
left_child=-1 3 -3 -2
right_child=1 2 -4 -5
leaf_value=-0.016850125552222827 -0.020989627286016686 0.023734101045402373 0.0028820584854916385 0.00062637690686903006
leaf_weight=24.920796394348145 24.082319512963295 30.669504001736641 167.45276679098606 57.249360665678978
leaf_count=100 97 123 674 230
internal_value=0 0.00277106 0.00636362 -0.00558694
internal_weight=0 279.454 198.122 81.3317
internal_count=1224 1124 797 327
is_linear=0
shrinkage=0.03


Tree=27
num_leaves=7
num_cat=0
split_feature=7 23 7 16 7 12
split_gain=10.4977 17.1064 11.0184 8.19578 5.30665 4.43234
threshold=0.38230000436306005 0.28964999318122869 0.40895000100135809 0.0032570000039413576 0.36065000295639044 0.094650000333786025
decision_type=8 2 10 10 10 2
left_child=1 5 -2 -4 -3 -1
right_child=2 4 3 -5 -6 -7
leaf_value=0.031719843351319617 -0.019564119130875149 -0.010693487450913223 0.003440723451021162 -0.01277739754320068 0.0080134948398714757 0.01146509383622848
leaf_weight=20.988283514976501 29.717021778225899 33.521354094147682 131.11102174222469 34.600447580218315 20.124362021684647 34.276270225644112
leaf_count=85 120 135 526 139 81 138
internal_value=0 0.00847998 -0.00306104 0 -0.00310864 0.0201177
internal_weight=0 108.91 195.428 165.711 53.6457 55.2646
internal_count=1224 439 785 665 216 223
is_linear=0
shrinkage=0.03


Tree=28
num_leaves=5
num_cat=0
split_feature=11 14 25 1
split_gain=9.48998 8.79224 9.51355 6.06614
threshold=-3.6180000305175777 6.5000000000000009 1.4878500103950503 0.47325000166893011
decision_type=2 2 2 2
left_child=-1 3 -3 -2
right_child=1 2 -4 -5
leaf_value=-0.016256043823461644 0.0044781470656133325 0.010322516004855987 -0.0038488774936755441 -0.011788212078763712
leaf_weight=24.916555017232895 30.107510462403297 141.46297691762447 56.521464914083481 51.177188023924828
leaf_count=100 121 569 228 206
internal_value=0 0.00265249 0.00612703 -0.00541743
internal_weight=0 279.269 197.984 81.2847
internal_count=1224 1124 797 327
is_linear=0
shrinkage=0.03


Tree=29
num_leaves=5
num_cat=0
split_feature=11 21 14 14
split_gain=8.94665 8.5168 16.0052 6.78344
threshold=-3.6180000305175777 -0.14355000108480451 12.500000000000002 18.500000000000004
decision_type=2 2 2 2
left_child=-1 2 -2 -3
right_child=1 3 -4 -5
leaf_value=-0.015787931328690351 -9.1819655850750888e-05 0.0015388444567110795 0.023193119943664801 -0.012731942312957571
leaf_weight=24.91533188521862 60.9034174233675 138.86481653153896 42.899672567844391 36.506234660744667
leaf_count=100 245 559 173 147
internal_value=0 0.00257051 0.00937459 -0.00131709
internal_weight=0 279.174 103.803 175.371
internal_count=1224 1124 418 706
is_linear=0
shrinkage=0.03


Tree=30
num_leaves=6
num_cat=0
split_feature=7 11 24 1 16
split_gain=11.5417 11.23 10.9509 10.0301 9.05675
threshold=0.62254998087883007 -1.4199000000953672 2.2010000944137578 0.54815000295639049 0.010868499986827375
decision_type=10 2 2 2 8
left_child=2 -2 3 -1 -4
right_child=1 -3 4 -5 -6
leaf_value=-0.0020333865303508577 -0.027745992923922849 0 -0.024639261061771982 0.011184924763180707 0
leaf_weight=109.16545635461807 26.8972387611866 22.443724304437637 23.794836685061455 91.89531609416008 27.258176743984222
leaf_count=439 108 90 97 370 110
internal_value=0 -0.0150282 0.000614901 0.00388506 -0.0115148
internal_weight=0 49.341 252.114 201.061 51.053
internal_count=1214 198 1016 809 207
is_linear=0
shrinkage=0.03


Tree=31
num_leaves=6
num_cat=0
split_feature=27 10 16 11 2
split_gain=9.02233 7.82717 11.3097 5.0078 3.39766
threshold=0.28840000927448278 3.912949919700623 0.0096245002932846564 -1.5628999471664426 58.411951065063484
decision_type=10 10 8 2 2
left_child=4 3 -3 -2 -1
right_child=1 2 -4 -5 -6
leaf_value=0.015425279049972944 -0.0088314498781246493 -0.027227553461223297 0 0.0015411060093025617 0
leaf_weight=30.946055501699448 57.042090117931366 27.953288063406944 24.743531450629234 140.07005117833614 20.583819523453712
leaf_count=125 229 114 100 563 83
internal_value=0 -0.00428074 -0.0144973 -0.00133859 0.00930002
internal_weight=0 249.809 52.6968 197.112 51.5299
internal_count=1214 1006 214 792 208
is_linear=0
shrinkage=0.03


Tree=32
num_leaves=6
num_cat=0
split_feature=7 11 11 7 26
split_gain=10.8429 10.4118 10.3141 8.95728 8.45838
threshold=0.62254998087883007 -1.4199000000953672 -1.2617000341415403 0.455350011587143 -0.88835000991821278
decision_type=10 2 2 10 10
left_child=2 -2 4 -4 -1
right_child=1 -3 3 -5 -6
leaf_value=0.018952872851918368 -0.026780632170590089 0 0.00034793877489167714 -0.015550170042274949 -0.0021278535114846037
leaf_weight=41.758867368102074 26.861467808485031 22.443307653069496 147.21650071442127 38.573029592633247 24.36393803358078
leaf_count=168 108 90 595 155 98
internal_value=0 -0.0145241 0.000643051 -0.00285775 0.0108224
internal_weight=0 49.3048 251.912 185.79 66.1228
internal_count=1214 198 1016 750 266
is_linear=0
shrinkage=0.03


Tree=33
num_leaves=5
num_cat=0
split_feature=6 12 14 25
split_gain=10.2812 10.3707 6.36082 5.99651
threshold=0.66479998826980602 -0.85259997844696034 15.500000000000002 -1.0296499729156492
decision_type=10 2 2 2
left_child=1 2 -1 -3
right_child=-2 3 -4 -5
leaf_value=0.0032199763356059613 -0.016236710698081528 -0.015243649077151802 0.022299664528131112 -0.00086342331420721362
leaf_weight=61.524908795952797 37.447123304009438 32.34679950773716 23.06661157310009 146.75915117561817
leaf_count=248 151 130 93 592
internal_value=0 0.000272388 0.00897292 -0.0036973
internal_weight=0 263.697 84.5915 179.106
internal_count=1214 1063 341 722
is_linear=0
shrinkage=0.03


Tree=34
num_leaves=6
num_cat=0
split_feature=27 16 14 14 2
split_gain=8.41836 4.82267 9.09814 5.98496 3.14015
threshold=0.28840000927448278 0.0010774999973364177 12.500000000000002 10.500000000000002 58.411951065063484
decision_type=10 10 2 2 2
left_child=4 2 -2 -3 -1
right_child=1 3 -4 -5 -6
leaf_value=0.014979372223204784 -0.0066430466808027082 -0.00043862943051251074 0.0092900733395262641 -0.01453859666455657 0
leaf_weight=30.890065282583237 77.149310722947121 54.195010229945183 53.916481405496597 64.350803717970848 20.576284751296043
leaf_count=125 310 219 217 260 83
internal_value=0 -0.00404327 0 -0.00840112 0.00908393
internal_weight=0 249.612 131.066 118.546 51.4664
internal_count=1214 1006 527 479 208
is_linear=0
shrinkage=0.03


Tree=35
num_leaves=6
num_cat=0
split_feature=7 28 28 24 4
split_gain=6.86583 8.48815 8.1722 11.2837 6.72317
threshold=0.38230000436306005 2.6025999784469609 5.1814501285552987 -1.7084500193595884 27.622900009155277
decision_type=8 10 10 2 2
left_child=1 4 3 -2 -1
right_child=2 -3 -4 -5 -6
leaf_value=-0.0062874265788639971 -0.018507873958990215 0.019838349402253496 0.0090988244317978372 -0.0007640073797062399 0.011018709740619498
leaf_weight=46.070930227637291 46.216775134205818 29.20289845764637 37.234703809022903 114.52982041239738 33.854582756757736
leaf_count=186 186 118 150 461 137
internal_value=0 0.00624065 -0.00308701 -0.00613396 0.000717913
internal_weight=0 109.128 197.981 160.747 79.9255
internal_count=1238 441 797 647 323
is_linear=0
shrinkage=0.03


Tree=36
num_leaves=4
num_cat=0
split_feature=6 26 29
split_gain=6.25372 4.96461 8.68817
threshold=0.20344999432563785 -3.9293999671936031 -1.6524499654769895
decision_type=10 8 2
left_child=-1 -2 -3
right_child=1 2 -4
leaf_value=-0.015352548113165252 0.013430596006806461 -0.0059289099220283196 0.005055575208213846
leaf_weight=20.522080183029175 26.881316304206848 116.9524512887001 142.71104218065739
leaf_count=83 108 471 576
internal_value=0 0.00139691 0
internal_weight=0 286.545 259.663
internal_count=1238 1155 1047
is_linear=0
shrinkage=0.03


Tree=37
num_leaves=4
num_cat=0
split_feature=5 5 24
split_gain=4.00509 7.28875 5.98364
threshold=2.3845000267028813 1.4875000119209292 -0.14015000313520429
decision_type=10 8 2
left_child=1 2 -1
right_child=-2 -3 -4
leaf_value=-0.0037975775399249423 0.01184535000708507 -0.013506450869815357 0.005430105648285802
leaf_weight=118.28939114511013 23.499920904636383 34.727120012044907 130.56069132685661
leaf_count=476 95 140 527
internal_value=0 -0.000777184 0.000926066
internal_weight=0 283.577 248.85
internal_count=1238 1143 1003
is_linear=0
shrinkage=0.03


Tree=38
num_leaves=5
num_cat=0
split_feature=28 11 23 29
split_gain=5.16596 7.63446 13.4341 4.34945
threshold=5.1814501285552987 0.56019997596740734 -0.20109999924898145 -2.0870000123977657
decision_type=10 2 2 2
left_child=1 3 -3 -1
right_child=-2 2 -4 -5
leaf_value=-0.012619409892970456 0.010266640780829216 0.023366956043274635 -0.00084315400870706007 -0.0016715688916432367
leaf_weight=52.871869996190071 38.989734753966331 25.335774168372154 85.418581068515778 104.45787505805492
leaf_count=213 157 102 345 421
internal_value=0 -0.00127688 0.00458615 -0.00559662
internal_weight=0 268.084 110.754 157.33
internal_count=1238 1081 447 634
is_linear=0
shrinkage=0.03


Tree=39
num_leaves=7
num_cat=0
split_feature=7 16 25 24 24 7
split_gain=6.46767 8.56582 9.60019 8.84609 7.92222 8.14159
threshold=0.38230000436306005 0.0032570000039413576 -0.2776499986648559 -3.5646500587463374 -1.0758500099182127 0.37119999527931219
decision_type=8 10 2 2 2 10
left_child=4 3 -3 -2 -1 -6
right_child=1 2 -4 -5 5 -7
leaf_value=0.022858355056432769 0.014945527915807978 -0.027090546354966449 0 -0.0031038817593652115 -0.0028931604297179319 0.017973768543605093
leaf_weight=19.787600919604301 29.396737962961197 23.728659003973007 22.920360714197159 121.88344572484493 68.580514386296272 20.752318575978279
leaf_count=80 118 96 93 490 277 84
internal_value=0 -0.00301722 -0.014126 0.000281584 0.00603733 0.0017675
internal_weight=0 197.929 46.649 151.28 109.12 89.3328
internal_count=1238 797 189 608 441 361
is_linear=0
shrinkage=0.03


Tree=40
num_leaves=8
num_cat=0
split_feature=12 8 11 11 11 6 23
split_gain=10.0297 9.98528 8.90971 10.737 6.32906 3.58669 1.09166
threshold=2.090599894523621 -0.030050000175833699 0.46680000424385076 -0.47879999876022333 1.0814499855041506 0.41450001299381262 0.11174999922513963
decision_type=2 10 2 2 2 10 2
left_child=2 6 3 -1 -4 -3 -2
right_child=1 5 4 -5 -6 -7 -8
leaf_value=0.0022476876250761822 0.0044348613225370474 -0.030213382943103422 0.023060293846877255 -0.01475813629109924 0.0033179659787859633 -0.0088670282202438482 -0.0050873719390514896
leaf_weight=105.98562543094158 20.589212983846664 21.298696354031563 22.059541746973991 46.394421815872192 54.403599262237549 19.630927175283432 20.55516242980957
leaf_count=427 83 86 89 187 219 80 83
internal_value=0 -0.0108406 0.00124695 -0.00279686 0.00962506 -0.0211462 0
internal_weight=0 82.074 228.843 152.38 76.4631 40.9296 41.1444
internal_count=1254 332 922 614 308 166 166
is_linear=0
shrinkage=0.03


Tree=41
num_leaves=6
num_cat=0
split_feature=7 12 7 16 12
split_gain=9.69664 17.1792 10.7753 15.0156 8.80962
threshold=0.38059999048709875 -0.15369999408721921 0.40495000779628759 0.0032570000039413576 1.2585000395774844
decision_type=8 2 10 10 2
left_child=1 -1 -2 -4 -3
right_child=2 4 3 -5 -6
leaf_value=0.02271243968633491 -0.022025882370976208 -0.016579770485399634 0.0016970360871846086 -0.020014794482374618 0.0045764357256695117
leaf_weight=33.92301781475544 30.474667936563492 25.804529279470444 137.68033875524998 34.625002756714821 48.348836660385132
leaf_count=138 124 104 553 140 195
internal_value=0 0.00526801 -0.00574609 -0.0025832 -0.00250915
internal_weight=0 108.076 202.78 172.305 74.1534
internal_count=1254 437 817 693 299
is_linear=0
shrinkage=0.03


Tree=42
num_leaves=6
num_cat=0
split_feature=7 6 7 16 0
split_gain=9.14872 10.2736 10.1833 14.1794 8.57813
threshold=0.38059999048709875 0.2071499973535538 0.40495000779628759 0.0032570000039413576 0.27304999530315405
decision_type=8 10 10 10 2
left_child=1 -1 -2 -4 -3
right_child=2 4 3 -5 -6
leaf_value=-0.013352031495808025 -0.021431740348841398 0.01487385988459957 0.0016465002476455659 -0.019461445687833909 -0.0062634715883737278
leaf_weight=19.791107192635536 30.408640012145042 68.090558126568794 137.67967489361763 34.570470064878464 20.123418852686882
leaf_count=80 124 276 553 140 81
internal_value=0 0.00511659 -0.00558315 -0.00250457 0.00969957
internal_weight=0 108.005 202.659 172.25 88.214
internal_count=1254 437 817 693 357
is_linear=0
shrinkage=0.03


Tree=43
num_leaves=6
num_cat=0
split_feature=7 26 7 16 6
split_gain=8.5979 13.8083 9.62604 13.3919 6.38838
threshold=0.38059999048709875 -1.3590999841690061 0.40495000779628759 0.0032570000039413576 0.23369999974966052
decision_type=8 10 10 10 10
left_child=1 -1 -2 -4 -3
right_child=2 4 3 -5 -6
leaf_value=0.024745726448235385 -0.020857078549623081 -0.013286248641750639 0.0015974709653546464 -0.018926113835577196 0.0044906431595407711
leaf_weight=23.61934120953083 30.33770477771759 24.756681576371193 137.67884373664856 34.511044681072235 59.584845066070557
leaf_count=96 124 100 553 140 241
internal_value=0 0.00494745 -0.00542513 -0.00242826 -0.000470401
internal_weight=0 107.961 202.528 172.19 84.3415
internal_count=1254 437 817 693 341
is_linear=0
shrinkage=0.03


Tree=44
num_leaves=7
num_cat=0
split_feature=5 25 10 14 9 14
split_gain=7.44291 6.88152 6.89722 6.54835 5.92807 5.31632
threshold=0.59450000524520885 1.3568500280380251 3.710399985313416 18.500000000000004 0.57335001230239879 9.5000000000000018
decision_type=10 2 10 2 10 2
left_child=3 4 -3 5 -2 -1
right_child=1 2 -4 -5 -6 -7
leaf_value=-0.0095102473657942728 0.0016506239620649233 0.0014741117381992803 -0.018611168661772457 -0.019495857962689676 0.016904665447286908 0.0071875009820187722
leaf_weight=40.905957132577896 125.6603632569313 30.579971209168434 25.508773386478424 32.173031747341156 28.961338549852371 26.50763227045536
leaf_count=165 507 123 105 130 117 107
internal_value=0 0.00141112 -0.00730103 -0.00842619 0.00479082 -0.00249694
internal_weight=0 210.71 56.0887 99.5866 154.622 67.4136
internal_count=1254 852 228 402 624 272
is_linear=0
shrinkage=0.03


Tree=45
num_leaves=4
num_cat=0
split_feature=23 28 5
split_gain=7.95489 10.2383 5.86694
threshold=1.7068000435829165 1.2444000244140627 0.52949997782707225
decision_type=2 8 10
left_child=1 -1 -3
right_child=-2 2 -4
leaf_value=-0.013270373302381547 -0.014235278472067091 -0.0031481513140064585 0.0071448681349615744
leaf_weight=32.930411756038666 29.307792961597443 64.43977378308773 173.42426516115665
leaf_count=133 120 260 700
internal_value=0 0.00194984 0.00422928
internal_weight=0 270.794 237.864
internal_count=1213 1093 960
is_linear=0
shrinkage=0.03


Tree=46
num_leaves=7
num_cat=0
split_feature=21 10 6 12 6 15
split_gain=9.57655 6.32863 7.38867 3.26502 6.05617 3.99088
threshold=-0.14355000108480451 3.9440000057220463 0.2432999983429909 0.71175000071525585 0.59235000610351574 3.5000000000000004
decision_type=2 8 10 2 8 2
left_child=3 2 -2 4 -1 -5
right_child=1 -3 -4 5 -6 -7
leaf_value=0.018903253726421456 -0.016239818666947653 -0.014604325372098362 0.0018856164232388 0.0081565649571296497 0 -0.0082644109464507613
leaf_weight=38.682355746626854 22.871756389737129 38.361110001802444 125.40568777918816 31.083235874772072 22.624930992722511 21.018315643072128
leaf_count=157 92 157 505 126 91 85
internal_value=0 -0.00385935 -0.000799319 0.00714293 0.0118364 0.00093633
internal_weight=0 186.639 148.277 113.409 61.3073 52.1016
internal_count=1213 754 597 459 248 211
is_linear=0
shrinkage=0.03


Tree=47
num_leaves=7
num_cat=0
split_feature=21 32 16 10 16 16
split_gain=9.02503 7.60135 9.42789 5.55888 3.95674 6.8977
threshold=-0.14355000108480451 1.5000000000000002 0.011834499891847374 3.9440000057220463 0.0030970000661909585 0.0064554999116808185
decision_type=2 2 8 8 8 8
left_child=4 3 -3 -2 -1 -6
right_child=1 2 -4 -5 5 -7
leaf_value=0.018645839949107641 0.0034084114671960848 -0.022303822506973783 0.00078567613241382808 -0.012396447750559913 -0.010497780499393252 0.0083967419179110346
leaf_weight=21.349125742912292 103.79537409543991 35.071437641978264 24.06674037873745 23.657488584518433 20.868879780173302 71.14152580499649
leaf_count=87 418 142 97 97 85 287
internal_value=0 -0.0037492 -0.0125517 0.000167536 0.00693337 0.00372194
internal_weight=0 186.591 59.1382 127.453 113.36 92.0104
internal_count=1213 754 239 515 459 372
is_linear=0
shrinkage=0.03


Tree=48
num_leaves=6
num_cat=0
split_feature=12 12 23 6 10
split_gain=8.16157 9.74093 8.59411 9.95107 7.3214
threshold=-2.3827999830245967 -3.5053501129150386 1.6608999967575075 0.23369999974966052 -4.8712499141693106
decision_type=2 2 2 10 8
left_child=1 4 3 -2 -1
right_child=2 -3 -4 -5 -6
leaf_value=0.011991982022831955 -0.017796129044293212 0.02305662858648715 -0.018579963816677373 0.0021356185516647253 -0.010851863090578675
leaf_weight=24.343278750777245 24.797980740666389 26.529290735721588 25.673890858888626 174.49557796120644 24.006468400359154
leaf_count=98 100 107 106 705 97
internal_value=0 0.00879402 -0.00256635 -0.000271165 5.16593e-05
internal_weight=0 74.879 224.967 199.294 48.3497
internal_count=1213 302 911 805 195
is_linear=0
shrinkage=0.03


Tree=49
num_leaves=7
num_cat=0
split_feature=12 12 7 6 10 22
split_gain=7.70154 9.19432 8.80325 12.0723 6.90638 6.01717
threshold=-2.3827999830245967 -3.5053501129150386 0.38140000402927404 0.23369999974966052 -4.8712499141693106 -0.65285000205039967
decision_type=2 2 10 10 8 2
left_child=1 4 3 -2 -1 -4
right_child=2 -3 5 -5 -6 -7
leaf_value=0.011649248863196543 -0.014775462467113212 0.022405131809682784 0.0025256712858246033 0.010045277198495201 -0.010538406986678971 -0.011549279572200172
leaf_weight=24.33720900118351 21.31976743042469 26.511030673980713 33.282374650239944 74.932413041591644 24.008611753582954 95.379963725805283
leaf_count=98 86 107 134 304 97 387
internal_value=0 0.00854236 -0.00249455 0.00414363 3.2597e-05 -0.0076856
internal_weight=0 74.8569 224.915 96.2522 48.3458 128.662
internal_count=1213 302 911 390 195 521
is_linear=0
shrinkage=0.03


Tree=50
num_leaves=7
num_cat=0
split_feature=12 11 25 7 6 2
split_gain=8.71913 8.57719 8.45586 7.92156 5.35762 2.36467
threshold=2.090599894523621 0.64964997768402111 1.3568500280380251 0.62254998087883007 0.37945000827312475 42.264949798583991
decision_type=2 2 2 10 10 2
left_child=1 3 4 -1 -2 -3
right_child=2 5 -4 -5 -6 -7
leaf_value=0.0030572225241399398 -0.010424383807271556 0.017686463197971253 -0.018426563820795352 -0.012344406096812094 0.010130485243919303 0.004914814259503352
leaf_weight=116.75712344050407 19.84283347427845 34.368913188576698 38.112142458558083 39.01527227461338 23.920504197478294 35.918250977993011
leaf_count=472 80 139 156 157 97 145
internal_value=0 0.00309629 -0.00827168 -0.000663095 0.000115789 0.0117412
internal_weight=0 226.06 81.8755 155.772 43.7633 70.2872
internal_count=1246 913 333 629 177 284
is_linear=0
shrinkage=0.03


Tree=51
num_leaves=7
num_cat=0
split_feature=7 14 14 5 14 10
split_gain=8.41501 10.6461 10.2106 9.77485 8.82243 3.46646
threshold=0.38140000402927404 17.500000000000004 12.500000000000002 0.55649998784065258 6.5000000000000009 -1.4049499630928037
decision_type=10 2 2 10 2 10
left_child=1 4 5 -4 -1 -2
right_child=2 -3 3 -5 -6 -7
leaf_value=-0.00048636968740503931 -0.0033368214910148332 -0.0079484459580623241 -0.011754664636214673 0.010516985262138593 0.019935558340363362 -0.014527235824465757
leaf_weight=25.519110277295113 58.710186794400215 28.400812849402428 22.72124271094799 62.2757937759161 51.139660850167274 59.060906946659088
leaf_count=103 236 115 92 252 208 240
internal_value=0 0.00690974 -0.00350951 0.00414707 0.0128322 -0.00927634
internal_weight=0 105.06 202.768 84.997 76.6588 117.771
internal_count=1246 426 820 344 311 476
is_linear=0
shrinkage=0.03


Tree=52
num_leaves=5
num_cat=0
split_feature=14 13 23 23
split_gain=5.66518 3.68158 9.60654 8.00228
threshold=2.5000000000000004 1.0000000180025095e-35 -0.82454997301101673 -1.048750042915344
decision_type=2 2 2 2
left_child=-1 3 -3 -2
right_child=1 2 -4 -5
leaf_value=-0.011178702069104415 0.01485653979952393 -0.019583259998310076 0.0015924499138343724 0
leaf_weight=34.785852640867233 46.780157595872879 22.439240410923958 98.836525335907936 104.82382912933826
leaf_count=141 189 91 402 423
internal_value=0 0.00151274 -0.00220839 0.004681
internal_weight=0 272.88 121.276 151.604
internal_count=1246 1105 493 612
is_linear=0
shrinkage=0.03


Tree=53
num_leaves=6
num_cat=0
split_feature=10 14 14 10 23
split_gain=7.36736 6.40997 13.0502 7.40619 5.59746
threshold=3.912949919700623 12.500000000000002 17.500000000000004 0.23015000671148303 0.74469998478889476
decision_type=10 2 2 10 2
left_child=1 3 -3 -1 -2
right_child=4 2 -4 -5 -6
leaf_value=-0.0066727467801728953 0 0.018999400216379071 -0.0014412051181089671 0.0074163505445010817 -0.018999284304202033
leaf_weight=96.712099209427834 26.953269869089127 49.431646794080734 57.695018216967583 48.938196450471878 27.877732992172241
leaf_count=390 109 200 233 198 116
internal_value=0 0.00221427 0.00780177 -0.00171598 -0.00982223
internal_weight=0 252.777 107.127 145.65 54.831
internal_count=1246 1021 433 588 225
is_linear=0
shrinkage=0.03


Tree=54
num_leaves=7
num_cat=0
split_feature=12 11 16 25 12 2
split_gain=7.99991 8.10239 8.29425 7.73103 4.67231 2.19836
threshold=2.090599894523621 0.64964997768402111 0.0017799999914132061 1.3568500280380251 3.1213500499725346 42.264949798583991
decision_type=2 2 8 2 2 2
left_child=1 2 -1 4 -2 -3
right_child=3 5 -4 -5 -6 -7
leaf_value=0.015002993567054037 -0.008994424970060505 0.017115325669611371 -0.0038477369118624771 -0.017684095745469957 0.010140279885095442 0.0047332476606954943
leaf_weight=23.767056748270988 21.564417213201523 34.309737980365753 131.83448965847492 37.954522281885147 22.14305192232132 35.880957439541817
leaf_count=96 87 139 533 156 90 145
internal_value=0 0.00295148 -0.000699432 -0.00794987 3.85409e-05 0.0113625
internal_weight=0 225.792 155.602 81.662 43.7075 70.1907
internal_count=1246 913 629 333 177 284
is_linear=0
shrinkage=0.03


Tree=55
num_leaves=4
num_cat=0
split_feature=11 23 14
split_gain=5.04621 7.52796 6.07943
threshold=-3.273299932479858 -1.5348500013351438 2.5000000000000004
decision_type=2 2 2
left_child=-1 -2 -3
right_child=1 2 -4
leaf_value=-0.01324463649228925 0.013372266721146298 -0.013496177402411694 0.00077628376150997488
leaf_weight=23.414001286029816 37.332785487174988 29.315982505679131 215.62064342200756
leaf_count=95 151 119 874
internal_value=0 0.000958824 -0.000857907
internal_weight=0 282.269 244.937
internal_count=1239 1144 993
is_linear=0
shrinkage=0.03


Tree=56
num_leaves=5
num_cat=0
split_feature=28 6 7 6
split_gain=5.90359 9.29487 6.92688 4.65913
threshold=4.8784499168396005 0.60365000367164623 0.62254998087883007 0.43964999914169317
decision_type=8 10 10 10
left_child=1 3 -2 -1
right_child=2 -3 -4 -5
leaf_value=-0.0027860564862418492 0.020976280126562982 -0.019355852580660225 -0.00083101254819311211 0.006457352738742375
leaf_weight=167.12793013453484 22.994038715958595 23.929779797792435 23.30993814766407 68.26543602347374
leaf_count=678 94 97 94 276
internal_value=0 -0.00193482 0.00957856 0
internal_weight=0 259.323 46.304 235.393
internal_count=1239 1051 188 954
is_linear=0
shrinkage=0.03


Tree=57
num_leaves=5
num_cat=0
split_feature=28 6 7 6
split_gain=5.54918 8.77766 6.54678 4.47646
threshold=4.8784499168396005 0.60365000367164623 0.62254998087883007 0.37349998950958258
decision_type=8 10 10 10
left_child=1 3 -2 -1
right_child=2 -3 -4 -5
leaf_value=-0.0040514244016088864 0.02036092106209569 -0.018817213226289854 -0.00080711177660042395 0.0041916109213076432
leaf_weight=122.1976322978735 23.0082977861166 23.905313596129417 23.309810638427734 113.21090446412563
leaf_count=495 94 97 94 459
internal_value=0 -0.00187868 0.00928208 0
internal_weight=0 259.314 46.3181 235.409
internal_count=1239 1051 188 954
is_linear=0
shrinkage=0.03


Tree=58
num_leaves=4
num_cat=0
split_feature=6 12 12
split_gain=4.60633 5.74319 6.02726
threshold=0.82569998502731334 -5.0734000205993643 -3.5053501129150386
decision_type=10 2 2
left_child=1 -1 -3
right_child=-2 2 -4
leaf_value=0.015892720346682404 -0.012950271105293296 -0.015920705517045053 0.00098707759390518463
leaf_weight=20.313955903053284 22.378401860594749 19.507121711969376 243.441360861063
leaf_count=82 91 79 987
internal_value=0 0.000891892 -0.000209152
internal_weight=0 283.262 262.948
internal_count=1239 1148 1066
is_linear=0
shrinkage=0.03


Tree=59
num_leaves=6
num_cat=0
split_feature=28 7 30 27 16
split_gain=5.33018 6.11723 5.89833 9.55446 6.09293
threshold=4.8784499168396005 0.62254998087883007 2.359799981117249 1.3230500221252444 0.012436499819159509
decision_type=8 10 2 10 8
left_child=2 -2 3 -1 -4
right_child=1 -3 4 -5 -6
leaf_value=-0.0027487090017264387 0.019798313839660409 -0.00061528370284253287 -0.019079307294741586 0.01311750777042529 0
leaf_weight=154.90872651338577 23.017714276909828 23.297834753990173 30.891477361321449 42.49587793648243 30.999780043959618
leaf_count=627 94 94 127 172 125
internal_value=0 0.00909976 -0.00183894 0.000564552 -0.00986905
internal_weight=0 46.3155 259.296 197.405 61.8913
internal_count=1239 188 1051 799 252
is_linear=0
shrinkage=0.03


Tree=60
num_leaves=6
num_cat=0
split_feature=9 27 16 11 28
split_gain=12.4328 7.74048 7.69146 9.53897 7.90072
threshold=1.8012499809265139 2.4704999923706059 0.0052960000466555366 0.42875000834465032 1.3194500207901003
decision_type=8 10 10 2 10
left_child=2 -2 4 -4 -1
right_child=1 -3 3 -5 -6
leaf_value=-0.0125941376415279 -0.0253352131132836 -0.00049726995477024751 0.00093712507104428279 0.026465013899281256 0.0039047407501103578
leaf_weight=29.730818569660187 21.264285579323769 28.258911371231079 29.835301220417023 27.06576757133007 162.12605120241642
leaf_count=120 87 116 121 110 656
internal_value=0 -0.0120463 0.00421045 0.0138453 0.00114041
internal_weight=0 49.5232 248.758 56.9011 191.857
internal_count=1210 203 1007 231 776
is_linear=0
shrinkage=0.03


Tree=61
num_leaves=7
num_cat=0
split_feature=25 11 11 11 25 16
split_gain=7.28743 8.46127 12.4987 7.97709 4.52234 4.29484
threshold=1.3568500280380251 0.64964997768402111 -0.47879999876022333 1.7117500305175783 0.026100001297891143 0.0026920000091195111
decision_type=2 2 2 2 2 10
left_child=1 2 -1 5 -3 -2
right_child=3 4 -4 -5 -6 -7
leaf_value=0.006362610523878748 -0.0057247662944865186 0.0018353679676558733 -0.011540831869469886 -0.016291295998074811 0.020697646134676884 0.012386772672683292
leaf_weight=109.08375012874603 23.963340118527412 22.494192600250244 50.286000102758408 37.094694435596466 35.325633674860001 19.948012366890907
leaf_count=442 97 91 203 153 143 81
internal_value=0 0.00427845 0.000489724 -0.00614641 0.0140255 0.00192755
internal_weight=0 217.19 159.37 81.006 57.8198 43.9114
internal_count=1210 879 645 331 234 178
is_linear=0
shrinkage=0.03


Tree=62
num_leaves=6
num_cat=0
split_feature=9 7 21 7 29
split_gain=11.2941 9.8963 12.6525 7.91328 6.11606
threshold=1.8012499809265139 0.38140000402927404 -0.1597499996423721 0.41324999928474432 -1.0346499681472776
decision_type=8 8 2 10 2
left_child=1 2 -1 -3 -2
right_child=4 3 -4 -5 -6
leaf_value=0.02804869682710558 -0.024337893191875092 -0.015275053681943342 0.003733574213328364 0.0023958941901634731 -0.001724972835537929
leaf_weight=28.59941403567791 19.410930126905441 26.595955654978752 67.031844228506088 126.41192655265331 30.007001236081123
leaf_count=118 80 108 271 510 123
internal_value=0 0.00399762 0.0115307 -0.000560129 -0.0115087
internal_weight=0 248.639 95.6313 153.008 49.4179
internal_count=1210 1007 389 618 203
is_linear=0
shrinkage=0.03


Tree=63
num_leaves=6
num_cat=0
split_feature=7 26 28 29 29
split_gain=8.1393 15.0416 7.32278 6.59322 6.03551
threshold=0.38504999876022344 -1.4689000248908994 5.3644001483917245 -0.46899999678134913 -1.0346499681472776
decision_type=8 10 10 2 2
left_child=1 -1 4 -3 -2
right_child=2 3 -4 -5 -6
leaf_value=0.030716044651426803 -0.0092012367905781999 -0.0026574274534630366 0.0096884913313474395 0.015158065282182895 0.0032947283837492405
leaf_weight=20.074072554707527 108.74077977240086 64.384072527289391 34.211762771010399 24.411702409386635 45.99968633055687
leaf_count=83 440 262 139 99 187
internal_value=0 0.00781608 -0.00238876 0.00202057 -0.00529663
internal_weight=0 108.87 188.952 88.7958 154.74
internal_count=1210 444 766 361 627
is_linear=0
shrinkage=0.03


Tree=64
num_leaves=6
num_cat=0
split_feature=9 7 21 7 27
split_gain=10.7654 8.87 11.8097 7.44924 7.14503
threshold=1.8012499809265139 0.38140000402927404 -0.1597499996423721 0.41324999928474432 2.4704999923706059
decision_type=8 8 2 10 10
left_child=1 2 -1 -3 -2
right_child=4 3 -4 -5 -6
leaf_value=0.02703820181715615 -0.024072810238642529 -0.014737305059523177 0.0034761243810936416 0.0024263702119028162 -0.00016498327757122767
leaf_weight=28.395929589867592 21.154057800769806 26.549322918057442 66.983279287815094 126.39321635663509 28.211729049682617
leaf_count=118 87 108 271 510 116
internal_value=0 0.00386742 0.01101 -0.000434576 -0.0112801
internal_weight=0 248.322 95.3792 152.943 49.3658
internal_count=1210 1007 389 618 203
is_linear=0
shrinkage=0.03


Tree=65
num_leaves=7
num_cat=0
split_feature=12 9 11 11 9 1
split_gain=5.94878 6.88939 8.6578 5.66136 4.09286 2.07554
threshold=2.090599894523621 -0.54514998197555531 -0.47879999876022333 0.46680000424385076 -0.14270000159740445 0.58370000123977672
decision_type=2 10 2 2 10 2
left_child=1 2 -1 -3 -2 -6
right_child=4 3 -4 -5 5 -7
leaf_value=0.001979743814835067 0 0.00043237946180658347 -0.016842275131398632 0.01333594655330231 -0.020050968723276243 -0.0041958126797829714
leaf_weight=63.672934859991074 31.689488559961319 72.839711412787437 30.86686535179615 59.110888779163361 23.01575380563736 20.139300212264061
leaf_count=258 129 295 125 240 94 84
internal_value=0 0.00199959 -0.00396353 0.00649536 -0.00768208 -0.0135938
internal_weight=0 226.49 94.5398 131.951 74.8445 43.1551
internal_count=1225 918 383 535 307 178
is_linear=0
shrinkage=0.03


Tree=66
num_leaves=6
num_cat=0
split_feature=7 1 23 10 9
split_gain=4.69995 10.5383 8.88186 8.11968 4.48718
threshold=0.62254998087883007 0.86539998650550853 0.25225000083446508 -8.1025500297546369 -0.54514998197555531
decision_type=8 2 2 8 10
left_child=1 4 -3 -2 -1
right_child=3 2 -4 -5 -6
leaf_value=-0.0079170313745633228 0.0011304725032043805 0.024444124486596705 0 -0.021661863956876679 0.0013787856358218973
leaf_weight=69.035013720393181 28.858119249343872 27.954183205962181 23.70189043879509 22.672300815582275 129.03860548138618
leaf_count=280 116 114 97 92 526
internal_value=0 0.00129571 0.0132947 -0.00854804 -0.0017339
internal_weight=0 249.73 51.6561 51.5304 198.074
internal_count=1225 1017 211 208 806
is_linear=0
shrinkage=0.03


Tree=67
num_leaves=7
num_cat=0
split_feature=5 7 1 6 16 6
split_gain=6.8673 6.52683 7.87812 4.35118 6.00196 5.9622
threshold=0.72650000452995311 0.58434998989105236 0.86539998650550853 0.4053999930620194 0.0022829999215900902 0.59894999861717235
decision_type=10 8 2 10 10 10
left_child=3 2 -2 4 -1 -5
right_child=1 -3 -4 5 -6 -7
leaf_value=-0.022446137449190631 0.0014244997771968243 -0.0070409276285026924 0.017449865711214603 0.0057055631769895475 -0.0017833864576389507 -0.011863496089060351
leaf_weight=25.335186377167702 92.287028849124908 37.399830862879753 41.75775358080864 46.743826508522034 31.535880073904991 26.119099259376526
leaf_count=103 376 151 171 190 128 106
internal_value=0 0.00352945 0.00673113 -0.00557215 -0.0117355 -0.000261591
internal_weight=0 171.445 134.045 129.734 56.8711 72.8629
internal_count=1225 698 547 527 231 296
is_linear=0
shrinkage=0.03


Tree=68
num_leaves=7
num_cat=0
split_feature=12 6 12 6 6 16
split_gain=5.6644 7.1283 10.4687 8.24217 6.36081 3.43818
threshold=2.090599894523621 0.56415000557899486 -4.8887999057769767 0.37349998950958258 0.43119999766349798 0.0020285000791773204
decision_type=2 8 2 10 10 10
left_child=1 3 -3 -1 5 -2
right_child=4 2 -4 -5 -6 -7
leaf_value=-0.00078255329254517283 -0.023406777676855325 0.0068418980013173003 -0.019214308671026095 0.011979910586573987 0.0018156444858917712 -0.0040831117901504524
leaf_weight=93.655984356999397 21.968800455331802 22.538346216082573 29.509062886238098 80.649404898285866 32.021105661988258 20.783050492405891
leaf_count=381 90 91 119 327 132 85
internal_value=0 0.00197453 -0.00744925 0.00498604 -0.00747778 -0.0150066
internal_weight=0 226.353 52.0474 174.305 74.773 42.7519
internal_count=1225 918 210 708 307 175
is_linear=0
shrinkage=0.03


Tree=69
num_leaves=8
num_cat=0
split_feature=9 24 30 26 10 24 30
split_gain=3.43458 5.11349 6.40728 6.24424 4.77385 4.83431 3.77714
threshold=-0.54514998197555531 1.0911499857902529 1.6242000460624697 -1.1194000244140623 -1.3759999871253965 -1.7084500193595884 1.2725000381469729
decision_type=10 2 2 10 8 2 2
left_child=4 2 -2 -3 6 -6 -1
right_child=1 3 -4 -5 5 -7 -8
leaf_value=0.0065029609702391966 0.0016681857806371617 0.0088024984493087592 0.02033667847555496 -0.0074541505497135244 -0.018737062306538644 0 -0.0075430531208888563
leaf_weight=41.884402811527252 59.215711191296577 28.761554837226868 24.656923830509186 67.465831771492958 29.886803269386292 21.982625812292099 27.200788900256157
leaf_count=170 241 118 100 275 122 89 110
internal_value=0 0.00222998 0.00768478 -0.00224606 -0.00426172 -0.0110819 0.00051588
internal_weight=0 180.1 83.8726 96.2274 120.955 51.8694 69.0852
internal_count=1225 734 341 393 491 211 280
is_linear=0
shrinkage=0.03


Tree=70
num_leaves=6
num_cat=0
split_feature=30 15 15 7 10
split_gain=8.78729 10.0326 9.12992 10.8353 0.814111
threshold=2.6921499967575078 3.5000000000000004 1.0000000180025095e-35 0.45039999485015875 0.15584999322891238
decision_type=2 2 2 8 10
left_child=2 4 -1 -4 -2
right_child=1 -3 3 -5 -6
leaf_value=0.017843932628777721 -0.024225747603179755 0.0042486689032744098 0.0062007612484734033 -0.0083529379377908584 -0.010062594231619867
leaf_weight=33.127165496349335 20.025446027517319 27.665064096450806 126.40277406573296 70.480574384331703 20.034541666507721
leaf_count=135 81 113 515 285 83
internal_value=0 -0.00871925 0.0034712 0.00082332 -0.0182908
internal_weight=0 67.7251 230.011 196.883 40.06
internal_count=1212 277 935 800 164
is_linear=0
shrinkage=0.03


Tree=71
num_leaves=6
num_cat=0
split_feature=7 6 17 7 7
split_gain=8.36473 10.2059 6.21544 4.99498 6.4067
threshold=0.38504999876022344 0.39585000276565557 1.0000000180025095e-35 0.40495000779628759 0.43215000629425054
decision_type=8 10 10 10 10
left_child=1 2 -1 -2 -5
right_child=3 -3 -4 4 -6
leaf_value=-0.004936165221426177 -0.016261985306572288 0.025524344671643891 0.010962009285162335 0.011287103286224402 -0.0039097459421211476
leaf_weight=45.15585620701313 22.115375861525536 21.37443570792675 39.590948924422264 28.874024882912636 140.53449049592018
leaf_count=184 92 88 162 117 569
internal_value=0 0.00735819 0.0021823 -0.00307533 -0.00109251
internal_weight=0 106.121 84.7468 191.524 169.409
internal_count=1212 434 346 778 686
is_linear=0
shrinkage=0.03


Tree=72
num_leaves=6
num_cat=0
split_feature=30 15 15 25 29
split_gain=8.27951 9.53225 8.6077 6.70747 3.53761
threshold=2.6921499967575078 3.5000000000000004 1.0000000180025095e-35 0.050149999558925636 -0.79315000772476185
decision_type=2 2 2 2 2
left_child=2 4 -1 -4 -2
right_child=1 -3 3 -5 -6
leaf_value=0.017317909976624111 -0.026976078190013603 0.0041326546415331759 -0.0035715412061503474 0.0076241402237968532 -0.0062406475921811533
leaf_weight=33.080672040581703 20.170889213681221 27.66162072122097 117.95992192625999 78.797974437475204 19.851259768009186
leaf_count=135 83 113 480 320 81
internal_value=0 -0.00848504 0.00335181 0.000776306 -0.0178253
internal_weight=0 67.6838 229.839 196.758 40.0221
internal_count=1212 277 935 800 164
is_linear=0
shrinkage=0.03


Tree=73
num_leaves=6
num_cat=0
split_feature=30 28 15 24 22
split_gain=7.81765 9.65743 8.12023 5.64348 1.76985
threshold=2.6921499967575078 4.8784499168396005 1.0000000180025095e-35 0.22635000199079516 0.96690002083778392
decision_type=2 10 2 2 2
left_child=2 4 -1 -4 -2
right_child=1 -3 3 -5 -6
leaf_value=0.016826309789101768 -0.022616827661748821 0.0063242338729235931 -0.0027483212224171478 0.0078408463986450998 -0.0069725945217893265
leaf_weight=33.055342599749565 24.344428479671478 23.270049899816513 129.34471960365772 67.406892731785774 20.007501989603043
leaf_count=135 100 95 526 274 82
internal_value=0 -0.00825097 0.00325451 0.000749115 -0.0165304
internal_weight=0 67.622 229.807 196.752 44.3519
internal_count=1212 277 935 800 182
is_linear=0
shrinkage=0.03


Tree=74
num_leaves=6
num_cat=0
split_feature=5 24 11 0 24
split_gain=5.73701 6.97628 6.41971 4.90968 3.965
threshold=0.50350001454353344 1.6855000257492068 -1.0000000180025095e-35 0.1722499951720238 0.13854999840259555
decision_type=10 2 2 2 2
left_child=2 4 -1 -3 -2
right_child=1 3 -4 -5 -6
leaf_value=-0.016077432595618862 0.0025437059456707768 0.0003220930046645859 0.0018033041330960233 -0.016560255576482153 0.012826097639072005
leaf_weight=34.082129433751106 120.25718733668327 36.049597337841988 31.482523843646049 22.455634444952011 53.021098524332047
leaf_count=139 489 148 128 92 216
internal_value=0 0.00281302 -0.00714275 -0.00582298 0.00591768
internal_weight=0 231.784 65.5647 58.5052 173.278
internal_count=1212 945 267 240 705
is_linear=0
shrinkage=0.03


Tree=75
num_leaves=6
num_cat=0
split_feature=25 7 28 26 15
split_gain=10.6309 13.6298 11.0544 9.11265 5.2312
threshold=1.836449980735779 0.62790000438690197 4.324049949645997 -0.87395000457763661 2.5000000000000004
decision_type=2 8 10 10 2
left_child=1 2 -1 -2 -3
right_child=3 4 -4 -5 -6
leaf_value=0.0038203299246953384 0 -0.021332146082271353 0.027101838285391994 -0.020811685002598553 0
leaf_weight=169.0733522772789 34.026340067386627 22.597845584154129 20.589622050523758 35.050968453288078 21.796713426709175
leaf_count=688 140 92 84 144 88
internal_value=0 0.00302755 0.00663398 -0.0102853 -0.0115258
internal_weight=0 234.058 189.663 69.0773 44.3946
internal_count=1236 952 772 284 180
is_linear=0
shrinkage=0.03


Tree=76
num_leaves=6
num_cat=0
split_feature=25 7 28 26 15
split_gain=10.0042 12.8906 10.4496 8.63302 4.93284
threshold=1.836449980735779 0.62790000438690197 4.324049949645997 -0.87395000457763661 2.5000000000000004
decision_type=2 8 10 10 2
left_child=1 2 -1 -2 -3
right_child=3 4 -4 -5 -6
leaf_value=0.003707066583711221 0 -0.020750543563506092 0.026371658463729696 -0.020245474775014181 0
leaf_weight=169.04295973479748 34.026340067386627 22.562843725085258 20.553149089217186 34.979363352060318 21.796713426709175
leaf_count=688 140 92 84 144 88
internal_value=0 0.00293671 0.00644689 -0.00998349 -0.0112161
internal_weight=0 233.956 189.596 69.0057 44.3596
internal_count=1236 952 772 284 180
is_linear=0
shrinkage=0.03


Tree=77
num_leaves=6
num_cat=0
split_feature=25 25 16 26 15
split_gain=9.41448 9.51884 11.1855 8.1807 3.93494
threshold=1.836449980735779 0.22185000032186511 0.0026920000091195111 -0.87395000457763661 3.5000000000000004
decision_type=2 2 8 10 2
left_child=1 2 -1 -2 -3
right_child=3 4 -4 -5 -6
leaf_value=0.012455219177823796 0 0.01743797490103699 -0.0056187054889911825 -0.019697419377436385 0.0014553674579531343
leaf_weight=39.634615689516068 34.026340067386627 44.366617977619171 123.28682573139668 34.90302462875843 26.556005597114563
leaf_count=162 140 181 501 144 108
internal_value=0 0.00284865 -0.000989608 -0.00969091 0.0119741
internal_weight=0 233.844 162.921 68.9294 70.9226
internal_count=1236 952 663 284 289
is_linear=0
shrinkage=0.03


Tree=78
num_leaves=6
num_cat=0
split_feature=28 30 25 5 30
split_gain=9.04989 14.5519 7.1329 1.56676 0.0821896
threshold=5.1814501285552987 2.8990499973297124 0.22185000032186511 0.85249999165534984 3.5584000349044804
decision_type=8 2 2 10 2
left_child=1 2 -1 -2 -3
right_child=3 4 -4 -5 -6
leaf_value=-0.0037794642126197475 0.0048811613224969998 -0.023167752960323217 0.0069667629586775632 0.019582382183427376 -0.011306542965039548
leaf_weight=124.36716946959496 21.280530869960785 20.521736666560173 97.429572090506554 19.555224224925041 19.434516310691833
leaf_count=506 87 85 398 80 80
internal_value=0 -0.00208462 0.000816506 0.0129381 -0.0185479
internal_weight=0 261.753 221.797 40.8358 39.9563
internal_count=1236 1069 904 167 165
is_linear=0
shrinkage=0.03


Tree=79
num_leaves=6
num_cat=0
split_feature=28 30 7 7 30
split_gain=8.57166 13.7862 7.64147 2.32894 0.0501615
threshold=5.1814501285552987 2.8990499973297124 0.455350011587143 0.61769998073577892 3.5584000349044804
decision_type=8 2 10 8 2
left_child=1 2 -1 -2 -3
right_child=3 4 -4 -5 -6
leaf_value=0.0046883906678105644 0.019855347800880017 -0.022563377812740149 -0.0071741911145534274 0.0032051035964564493 -0.010993437468610213
leaf_weight=151.67500951886177 20.586496263742447 20.466899767518044 70.108285471796989 20.237307578325272 19.417138487100601
leaf_count=620 85 85 284 82 80
internal_value=0 -0.00202981 0.00078846 0.0125927 -0.0180711
internal_weight=0 261.667 221.783 40.8238 39.884
internal_count=1236 1069 904 167 165
is_linear=0
shrinkage=0.03


Tree=80
num_leaves=7
num_cat=0
split_feature=12 24 11 11 26 29
split_gain=5.54372 10.1942 9.52447 12.4334 4.0529 2.20437
threshold=2.2710499763488774 1.272149980068207 0.46680000424385076 -0.47879999876022333 -0.46040000021457667 -2.2246999740600581
decision_type=2 2 2 2 8 2
left_child=2 5 3 -1 -4 -2
right_child=1 -3 4 -5 -6 -7
leaf_value=0.0022946914369923878 -0.004589913342385339 -0.019958540560044685 0.014201554031667937 -0.016403019782822513 -6.8677963346180828e-05 0.0088710847710002563
leaf_weight=103.76896539330482 19.458421662449837 34.625966086983681 53.64717672765255 44.007034823298454 20.539386361837387 19.935388386249542
leaf_count=423 80 145 219 179 84 81
internal_value=0 -0.00825416 0.00110672 -0.00314459 0.00990331 0.00153036
internal_weight=0 74.0198 221.963 147.776 74.1866 39.3938
internal_count=1211 306 905 602 303 161
is_linear=0
shrinkage=0.03


Tree=81
num_leaves=7
num_cat=0
split_feature=12 25 11 11 25 16
split_gain=5.23001 9.91702 8.95522 11.7179 3.86135 0.361264
threshold=2.2710499763488774 1.1930999755859377 0.46680000424385076 -0.47879999876022333 0.181149996817112 0.010987500194460155
decision_type=2 2 2 2 2 8
left_child=2 -2 3 -1 -4 -3
right_child=1 5 4 -5 -6 -7
leaf_value=0.0022266146914845836 0.0027733889130115456 -0.023701562792684643 -0.00028577575198254697 -0.015919698709572938 0.013733531033391169 -0.010734211697561091
leaf_weight=103.76401735842228 35.182023361325264 19.390416115522385 19.962287813425064 44.013045817613602 54.177503943443298 19.328737288713455
leaf_count=423 144 82 81 179 222 80
internal_value=0 -0.00802592 0.00106976 -0.00304701 0.00960598 -0.0184167
internal_weight=0 73.9012 221.917 147.777 74.1398 38.7192
internal_count=1211 306 905 602 303 162
is_linear=0
shrinkage=0.03


Tree=82
num_leaves=8
num_cat=0
split_feature=7 12 16 7 9 22 15
split_gain=9.56581 8.41581 9.82055 5.09953 6.45229 4.48285 3.46286
threshold=0.38140000402927404 1.9806500077247622 0.0017799999914132061 0.33075000345706945 0.66560000181198131 -0.34784999489784235 2.5000000000000004
decision_type=8 2 10 10 10 2 2
left_child=3 2 -2 6 -5 -3 -1
right_child=1 5 -4 4 -6 -7 -8
leaf_value=0.0073838392336554636 0.0031709916761669269 -0.0017853173921890579 -0.015140111977885487 0.020708972721738387 0 -0.021744255888943669 -0.0088407575260502583
leaf_weight=20.862220257520676 109.47350269556046 19.53284840285778 33.298460617661476 32.529524818062782 22.506080806255341 33.624846085906029 23.84782774746418
leaf_count=86 443 80 136 135 93 141 97
internal_value=0 -0.00501967 -0.000966614 0.00630137 0.0123686 -0.0151326 -0.000617949
internal_weight=0 195.93 142.772 99.7457 55.0356 53.1577 44.71
internal_count=1211 800 579 411 228 221 183
is_linear=0
shrinkage=0.03


Tree=83
num_leaves=7
num_cat=0
split_feature=12 24 11 11 0 22
split_gain=4.66274 9.05807 8.27089 10.9948 3.1304 1.92241
threshold=2.2710499763488774 1.272149980068207 0.46680000424385076 -0.47879999876022333 -1.0000000180025095e-35 -0.16529999673366544
decision_type=2 2 2 2 2 2
left_child=2 4 3 -1 -2 -4
right_child=1 -3 5 -5 -6 -7
leaf_value=0.0021508375365975811 -0.0057993555783943836 -0.018707143680580129 0.017828692494947097 -0.01542650410499042 0.010380404296142244 0.0053170335292728899
leaf_weight=103.68581967055798 19.740717396140099 34.318015724420547 19.549205496907234 43.989915907382965 19.60272191464901 54.502958297729492
leaf_count=423 81 145 81 179 80 222
internal_value=0 -0.00759585 0.000999433 -0.00295189 0.00157601 0.00921328
internal_weight=0 73.6615 221.728 147.676 39.3434 74.0522
internal_count=1211 306 905 602 161 303
is_linear=0
shrinkage=0.03


Tree=84
num_leaves=6
num_cat=0
split_feature=5 8 23 15 4
split_gain=4.92667 6.74393 4.49706 8.13923 0.798545
threshold=0.53349998593330394 -0.092700000852346406 1.6608999967575075 1.0000000180025095e-35 27.622900009155277
decision_type=10 10 2 2 2
left_child=1 -1 3 -2 -3
right_child=2 4 -4 -5 -6
leaf_value=-0.017627549302744017 0.016806005549690202 -0.0036973756601262763 -0.010615230758388895 0 0.0042397958078609207
leaf_weight=32.862455621361732 30.361236244440079 22.044340223073959 23.912523940205574 164.558489844203 21.455703020095825
leaf_count=135 125 90 101 672 88
internal_value=0 -0.00758647 0.00115306 0.00279672 0
internal_weight=0 76.3625 218.832 194.92 43.5
internal_count=1211 313 898 797 178
is_linear=0
shrinkage=0.03


Tree=85
num_leaves=8
num_cat=0
split_feature=7 28 26 25 27 7 7
split_gain=9.27874 11.6533 9.11912 4.00577 3.48596 3.34108 3.14761
threshold=0.38140000402927404 5.1814501285552987 -0.72574999928474415 -0.15619999915361402 1.3511999845504763 0.33075000345706945 0.62790000438690197
decision_type=10 8 10 2 10 10 10
left_child=2 3 5 -2 -4 -1 -3
right_child=1 6 4 -5 -6 -7 -8
leaf_value=0.0056219191140728479 -0.011060732392786725 0.019483359776743887 -0.007733088815892698 -0.0010941242237834038 0.007510174226570296 0.02392779006789993 0.0013145008085217189
leaf_weight=20.830057218670845 81.626102149486542 20.232843577861786 27.332800060510635 78.40055650472641 24.584683001041412 30.123098462820053 21.242431238293648
leaf_count=86 332 84 111 321 101 126 86
internal_value=0 -0.00260666 0.00838042 -0.0064013 0 0.0172739 0.0111341
internal_weight=0 201.502 102.871 160.027 51.9175 50.9532 41.4753
internal_count=1247 823 424 653 212 212 170
is_linear=0
shrinkage=0.03


Tree=86
num_leaves=4
num_cat=0
split_feature=26 5 5
split_gain=5.99295 5.70424 5.51697
threshold=-3.9293999671936031 2.4079999923706059 1.1424999833106997
decision_type=10 10 10
left_child=-1 2 -2
right_child=1 -3 -4
leaf_value=0.013634538807553788 0.00065340583043234748 0.01404980208023999 -0.0095898800374033359
leaf_weight=29.529029950499535 193.27518910169601 21.494381129741669 59.887661308050156
leaf_count=121 791 89 246
internal_value=0 -0.000293565 -0.00167989
internal_weight=0 274.657 253.163
internal_count=1247 1126 1037
is_linear=0
shrinkage=0.03


Tree=87
num_leaves=7
num_cat=0
split_feature=7 10 30 6 5 6
split_gain=8.84218 7.3031 6.62422 5.79209 8.18137 5.2233
threshold=0.38140000402927404 -5.1115999221801749 1.459150016307831 0.23369999974966052 1.1355000138282778 0.37349998950958258
decision_type=10 10 2 10 10 10
left_child=3 2 -2 -1 -5 -3
right_child=1 5 -4 4 -6 -7
leaf_value=-0.0033303414827128169 0.018856370983784083 -0.015969891769907187 -0.001355939955185889 0.018739753986273609 -0.0011450812316453707 -0.0025008258076663591
leaf_weight=25.198681578040123 22.078890308737755 36.669556602835655 32.876526087522507 53.582810521125793 23.965378195047379 109.78950193524361
leaf_count=103 90 149 133 221 100 451
internal_value=0 -0.00256599 0.00642028 0.0081644 0.0122763 -0.00616201
internal_weight=0 201.414 54.9554 102.747 77.5482 146.459
internal_count=1247 823 223 424 321 600
is_linear=0
shrinkage=0.03


Tree=88
num_leaves=7
num_cat=0
split_feature=7 28 25 25 12 7
split_gain=8.31489 10.553 7.7347 7.2634 6.13097 3.06227
threshold=0.38140000402927404 5.1814501285552987 -0.18059999495744702 0.5489499866962434 1.9806500077247622 0.62790000438690197
decision_type=10 8 2 2 2 10
left_child=2 4 -1 -4 -2 -3
right_child=1 5 3 -5 -6 -7
leaf_value=0.019796415522408801 -0.0019815537355963851 0.01879246736753367 -0.012850770613643274 0.0080846295897793099 -0.015236903902343184 0.00092395286151500844
leaf_weight=32.798429399728775 113.17828240990639 20.188338339328766 19.5252745449543 50.326433822512627 46.72784948348999 21.241082891821861
leaf_count=136 459 84 80 208 194 86
internal_value=0 -0.00249459 0.00791391 0.00171047 -0.0061121 0.0105759
internal_weight=0 201.336 102.65 69.8517 159.906 41.4294
internal_count=1247 823 424 288 653 170
is_linear=0
shrinkage=0.03


Tree=89
num_leaves=7
num_cat=0
split_feature=7 26 26 12 27 25
split_gain=7.83259 9.03746 8.44846 7.5124 3.23426 3.19976
threshold=0.38140000402927404 -3.9293999671936031 -0.72574999928474415 1.9806500077247622 1.3511999845504763 -0.18059999495744702
decision_type=10 10 10 2 10 2
left_child=2 -2 5 -3 -4 -1
right_child=1 3 4 -5 -6 -7
leaf_value=0.025069776647325136 0.012513582590849658 -0.00090428457612788627 -0.0077895050940593857 -0.014994789810531036 0.0068425860506470607 0.007386449136424192
leaf_weight=22.916697084903717 29.007260173559189 123.06588131189346 27.328097924590111 49.147462293505669 24.558883845806122 27.747971594333649
leaf_count=96 119 499 111 205 101 116
internal_value=0 -0.00241639 0.00768852 -0.00516208 -0.00029824 0.0162961
internal_weight=0 201.221 102.552 172.213 51.887 50.6647
internal_count=1247 823 424 704 212 212
is_linear=0
shrinkage=0.03


Tree=90
num_leaves=5
num_cat=0
split_feature=5 24 16 24
split_gain=6.39112 4.96562 8.74981 7.74965
threshold=0.33050000667572027 -0.3576000034809112 0.0026920000091195111 2.0925499200820927
decision_type=10 2 8 2
left_child=-1 2 -2 -3
right_child=1 3 -4 -5
leaf_value=-0.017797644360776677 0.010293794999685043 0.0079972032399114289 -0.0094466584998964508 -0.0054391571580675964
leaf_weight=19.919039905071259 23.476756602525711 101.11324134469032 94.044264137744904 58.765616521239281
leaf_count=82 97 414 384 244
internal_value=0 -0.000446646 -0.00519648 0.0028689
internal_weight=0 277.4 117.521 159.879
internal_count=1221 1139 481 658
is_linear=0
shrinkage=0.03


Tree=91
num_leaves=5
num_cat=0
split_feature=6 1 30 2
split_gain=8.11403 6.46889 5.7479 5.38431
threshold=0.67765000462532055 0.8712500035762788 0.88865000009536754 62.00794982910157
decision_type=8 2 2 2
left_child=1 2 -1 -3
right_child=-2 3 -4 -5
leaf_value=-0.0091902475195132331 -0.014789419737710268 0.017648356820110286 0.0011562891125319757 -0.00016394112391145485
leaf_weight=70.577400788664818 36.392950534820557 29.859139516949654 136.51015087962151 23.827573031187057
leaf_count=289 150 123 561 98
internal_value=0 4.48108e-05 -0.00225296 0.00933578
internal_weight=0 260.774 207.088 53.6867
internal_count=1221 1071 850 221
is_linear=0
shrinkage=0.03


Tree=92
num_leaves=5
num_cat=0
split_feature=6 1 16 1
split_gain=7.65551 6.07769 4.45683 3.64234
threshold=0.67765000462532055 0.8712500035762788 0.0009925000194925817 1.0760000348091128
decision_type=8 2 8 2
left_child=1 2 -1 -3
right_child=-2 3 -4 -5
leaf_value=0.0092447445820197406 -0.014370160747602952 0.018565359245285455 -0.0039206249060855861 0.0015345199451578088
leaf_weight=24.503260478377342 36.360761433839798 21.279281452298164 182.60779920220375 32.38724473118782
leaf_count=101 150 88 749 133
internal_value=0 4.11421e-05 -0.00218194 0.00905227
internal_weight=0 260.778 207.111 53.6665
internal_count=1221 1071 850 221
is_linear=0
shrinkage=0.03


Tree=93
num_leaves=8
num_cat=0
split_feature=7 25 30 9 10 24 7
split_gain=7.34062 5.75147 9.07096 8.22561 5.27294 9.94414 7.14606
threshold=0.46340000629425054 1.8799499869346621 0.73300001025199901 2.2541999816894536 -2.0196501016616817 -0.5995500087738036 0.74514999985694896
decision_type=8 2 2 10 8 2 10
left_child=1 2 -1 -3 6 -6 -2
right_child=4 3 -4 -5 5 -7 -8
leaf_value=-0.0043792014684053355 0.010142189982880537 -0.01774552695745529 0.011493080391195442 0.0070325329300288024 -0.028133283348309137 -0.0016840277710143008 -0.0096822999745896279
leaf_weight=48.5668054074049 26.818139553070068 25.990098625421524 83.280052706599236 18.901648581027985 24.390958234667778 31.397465452551842 37.722512722015381
leaf_count=201 109 107 342 80 100 129 153
internal_value=0 0.00215249 0.00543163 -0.00673312 -0.00734923 -0.0140678 -0.000957972
internal_weight=0 176.739 131.847 44.8917 120.329 55.7884 64.5407
internal_count=1221 730 543 187 491 229 262
is_linear=0
shrinkage=0.03


Tree=94
num_leaves=5
num_cat=0
split_feature=6 11 11 5
split_gain=7.0565 6.42363 18.9001 5.63089
threshold=0.67765000462532055 -0.47879999876022333 0.058450001291930682 0.74099999666214
decision_type=8 2 2 10
left_child=1 3 -3 -1
right_child=-2 2 -4 -5
leaf_value=-0.0011776434468124502 -0.01377883881806114 -0.027309954843265257 0.00068258726673123098 0.01308148671303669
leaf_weight=40.618720427155495 36.2945816218853 24.179199993610382 144.4981990903616 51.331803008913994
leaf_count=166 150 99 595 211
internal_value=0 6.58881e-05 -0.00329052 0.00651493
internal_weight=0 260.628 168.677 91.9505
internal_count=1221 1071 694 377
is_linear=0
shrinkage=0.03


Tree=95
num_leaves=8
num_cat=0
split_feature=14 29 28 23 4 12 14
split_gain=9.02628 6.01818 5.54765 4.35679 4.3433 3.71166 2.20697
threshold=10.500000000000002 -2.5130000114440914 3.6667000055313115 0.58320000767707836 22.295300483703617 -3.5828500986099239 5.5000000000000009
decision_type=2 2 10 2 2 2 2
left_child=3 2 -2 5 -3 -1 -5
right_child=1 4 -4 6 -6 -7 -8
leaf_value=0.00047576278511258867 0.02445678264824059 0.0066041419775265788 0.0031743464435581579 -0.0045202505187670067 -0.0047096469342089763 -0.012823754405000068 0.0081616316760572995
leaf_weight=19.902244091033936 21.959097295999527 58.584515124559402 29.343999311327934 22.20890000462532 60.201886475086212 69.698329865932465 22.868057638406754
leaf_count=81 90 241 121 92 249 286 94
internal_value=0 0.00463555 0.0131508 -0.0057252 0.000628329 -0.00956587 0.00129983
internal_weight=0 170.089 51.3031 134.678 118.786 89.6006 45.077
internal_count=1254 701 211 553 490 367 186
is_linear=0
shrinkage=0.03


Tree=96
num_leaves=7
num_cat=0
split_feature=8 9 26 15 9 11
split_gain=5.35544 10.4651 6.78536 6.78281 3.63939 5.57833
threshold=0.16744999587535861 -0.58599999547004689 -1.4689000248908994 2.5000000000000004 -1.2895500063896177 0.70595002174377453
decision_type=8 10 10 2 8 2
left_child=1 2 -1 -3 -2 -6
right_child=4 3 -4 -5 5 -7
leaf_value=0.00049436745938493396 0.005726441099719203 0.00072227788883316507 -0.01813714166281253 0.017598572984903679 -0.013529448032663973 0
leaf_weight=67.513612553477287 20.521182805299759 43.113325759768486 21.523725420236588 51.225271165370941 55.905488908290863 44.935424044728279
leaf_count=278 84 178 88 211 228 187
internal_value=0 0.00328843 -0.0038278 0.0102891 -0.00480585 -0.00727893
internal_weight=0 183.376 89.0373 94.3386 121.362 100.841
internal_count=1254 755 366 389 499 415
is_linear=0
shrinkage=0.03


Tree=97
num_leaves=6
num_cat=0
split_feature=14 16 30 30 16
split_gain=8.50137 11.4998 6.93247 6.62618 7.60535
threshold=10.500000000000002 0.0049709999002516278 2.0659499168396001 2.9554499387741093 0.0032265000045299534
decision_type=2 10 2 2 10
left_child=1 2 -1 4 -2
right_child=3 -3 -4 -5 -6
leaf_value=-0.016670118622104935 0.012757015087835369 0.0087423476360659995 0 -0.0075785837015210251 -0.0011763827466805589
leaf_weight=63.917122274637222 87.654502436518669 34.53072002530098 36.217312142252922 30.195071041584015 52.178346142172813
leaf_count=261 360 143 149 125 216
internal_value=0 -0.00554185 -0.010802 0.00451385 0.00737334
internal_weight=0 134.665 100.134 170.028 139.833
internal_count=1254 553 410 701 576
is_linear=0
shrinkage=0.03


Tree=98
num_leaves=6
num_cat=0
split_feature=14 25 10 8 23
split_gain=7.99402 5.75056 16.0306 6.33362 3.65455
threshold=3.5000000000000004 -1.1453500390052793 -1.3759999871253965 0.16744999587535861 -0.16315000504255292
decision_type=2 2 10 8 2
left_child=4 2 -2 -3 -1
right_child=1 3 -4 -5 -6
leaf_value=-0.00029903930397060197 0.0040691376683584636 0.010309401370228208 -0.023954230582253017 -0.0008930403193485784 -0.018540104731324045
leaf_weight=21.140874922275543 59.005394473671913 98.78486904501915 24.86045329272747 74.782169848680496 26.016757026314735
leaf_count=87 242 407 103 308 107
internal_value=0 0.00215046 -0.00406874 0.00533346 -0.0111616
internal_weight=0 257.433 83.8658 173.567 47.1576
internal_count=1254 1060 345 715 194
is_linear=0
shrinkage=0.03


Tree=99
num_leaves=5
num_cat=0
split_feature=12 10 10 25
split_gain=5.17885 7.62344 5.98124 5.45338
threshold=-2.3827999830245967 -3.9121999740600581 -4.8103499412536612 -1.1453500390052793
decision_type=2 10 8 2
left_child=2 -2 -1 -3
right_child=1 3 -4 -5
leaf_value=0.015975481595325778 -0.014347039301519596 -0.010150667650124529 -0.00041304675276348227 0.0026670807426327635
leaf_weight=34.122710436582565 37.534209981560707 35.654214963316917 38.719679400324821 158.43087895214558
leaf_count=139 154 148 159 654
internal_value=0 -0.00214815 0.0069702 0.000118668
internal_weight=0 231.619 72.8424 194.085
internal_count=1254 956 298 802
is_linear=0
shrinkage=0.03


end of trees

feature_importances:
Column_7=63
Column_12=41
Column_16=36
Column_11=34
Column_25=32
Column_6=30
Column_14=30
Column_10=26
Column_24=25
Column_28=21
Column_9=20
Column_5=19
Column_23=19
Column_26=19
Column_30=17
Column_15=14
Column_1=12
Column_29=11
Column_27=10
Column_21=8
Column_8=7
Column_0=5
Column_2=5
Column_4=4
Column_22=4
Column_3=1
Column_13=1
Column_17=1
Column_31=1
Column_32=1

parameters:
[boosting: gbdt]
[objective: binary]
[metric: binary_logloss]
[tree_learner: serial]
[device_type: cpu]
[data_sample_strategy: bagging]
[data: ]
[valid: ]
[num_iterations: 100]
[learning_rate: 0.03]
[num_leaves: 8]
[num_threads: 0]
[seed: 42]
[deterministic: 0]
[force_col_wise: 0]
[force_row_wise: 0]
[histogram_pool_size: -1]
[max_depth: 3]
[min_data_in_leaf: 80]
[min_sum_hessian_in_leaf: 0.001]
[bagging_fraction: 0.6]
[pos_bagging_fraction: 1]
[neg_bagging_fraction: 1]
[bagging_freq: 5]
[bagging_seed: 400]
[feature_fraction: 0.5]
[feature_fraction_bynode: 1]
[feature_fraction_seed: 30056]
[extra_trees: 0]
[extra_seed: 12879]
[early_stopping_round: 0]
[early_stopping_min_delta: 0]
[first_metric_only: 0]
[max_delta_step: 0]
[lambda_l1: 1]
[lambda_l2: 1]
[linear_lambda: 0]
[min_gain_to_split: 0]
[drop_rate: 0.1]
[max_drop: 50]
[skip_drop: 0.5]
[xgboost_dart_mode: 0]
[uniform_drop: 0]
[drop_seed: 17869]
[top_rate: 0.2]
[other_rate: 0.1]
[min_data_per_group: 100]
[max_cat_threshold: 32]
[cat_l2: 10]
[cat_smooth: 10]
[max_cat_to_onehot: 4]
[top_k: 20]
[monotone_constraints: ]
[monotone_constraints_method: basic]
[monotone_penalty: 0]
[feature_contri: ]
[forcedsplits_filename: ]
[refit_decay_rate: 0.9]
[cegb_tradeoff: 1]
[cegb_penalty_split: 0]
[cegb_penalty_feature_lazy: ]
[cegb_penalty_feature_coupled: ]
[path_smooth: 0]
[interaction_constraints: ]
[verbosity: -1]
[saved_feature_importance_type: 0]
[use_quantized_grad: 0]
[num_grad_quant_bins: 4]
[quant_train_renew_leaf: 0]
[stochastic_rounding: 1]
[linear_tree: 0]
[max_bin: 255]
[max_bin_by_feature: ]
[min_data_in_bin: 3]
[bin_construct_sample_cnt: 200000]
[data_random_seed: 175]
[is_enable_sparse: 1]
[enable_bundle: 1]
[use_missing: 1]
[zero_as_missing: 0]
[feature_pre_filter: 1]
[pre_partition: 0]
[two_round: 0]
[header: 0]
[label_column: ]
[weight_column: ]
[group_column: ]
[ignore_column: ]
[categorical_feature: ]
[forcedbins_filename: ]
[precise_float_parser: 0]
[parser_config_file: ]
[objective_seed: 16083]
[num_class: 1]
[is_unbalance: 0]
[scale_pos_weight: 1]
[sigmoid: 1]
[boost_from_average: 1]
[reg_sqrt: 0]
[alpha: 0.9]
[fair_c: 1]
[poisson_max_delta_step: 0.7]
[tweedie_variance_power: 1.5]
[lambdarank_truncation_level: 30]
[lambdarank_norm: 1]
[label_gain: ]
[lambdarank_position_bias_regularization: 0]
[eval_at: ]
[multi_error_top_k: 1]
[auc_mu_weights: ]
[num_machines: 1]
[local_listen_port: 12400]
[time_out: 120]
[machine_list_filename: ]
[machines: ]
[gpu_platform_id: -1]
[gpu_device_id: -1]
[gpu_use_dp: 0]
[num_gpu: 1]

end of parameters

pandas_categorical:null
