tree
version=v4
num_class=1
num_tree_per_iteration=1
label_index=0
max_feature_idx=32
objective=binary sigmoid:1
feature_names=Column_0 Column_1 Column_2 Column_3 Column_4 Column_5 Column_6 Column_7 Column_8 Column_9 Column_10 Column_11 Column_12 Column_13 Column_14 Column_15 Column_16 Column_17 Column_18 Column_19 Column_20 Column_21 Column_22 Column_23 Column_24 Column_25 Column_26 Column_27 Column_28 Column_29 Column_30 Column_31 Column_32
feature_infos=[-4.8175997734069824:3.4693999290466309] [0.1111999973654747:11.877499580383301] [0:99.56829833984375] [0:93.072303771972656] [0:98.560401916503906] [0.094999998807907104:15.343999862670898] [0.076999999582767487:1.6277999877929688] [0.15119999647140503:0.99000000953674316] [-6.757199764251709:5.6279997825622559] [-14.92389965057373:11.719599723815918] [-29.089300155639648:13.60990047454834] [-8.9680995941162109:8.3698997497558594] [-14.392800331115723:9.7926998138427734] [0:1] [0:23] [0:6] [-0.015177999623119831:0.0099999997764825821] [-1:1] none none none [-4.6799001693725586:3.6356000900268555] [-8.4680004119873047:4.8913998603820801] [-13.268500328063965:5.8523001670837402] [-2527.188232421875:1465.499755859375] [-2224.08544921875:1326.6866455078125] [-17.666299819946289:1.6514999866485596] [-2.524399995803833:12.37090015411377] [0.31119999289512634:17.856599807739258] [-16.885799407958984:0] [0.0038000000640749931:15.994999885559082] [-11:9] [0:2]
tree_sizes=671 667 881 669 879 753 858 880 757 864 977 778 563 672 884 773 991 770 878 877 862 753 876 941 860 667 978 959 661 752 874 768 771 773 878 775 666 670 642 668 858 669 671 670 880 773 966 988 968 888 644 752 872 644 732 786 878 871 559 967 979 748 983 979 977 668 963 858 856 879 872 649 980 880 874 671 559 996 878 666 641 775 993 664 769 877 655 848 860 882 671 752 753 771 677 665 667 664 668 882

Tree=0
num_leaves=5
num_cat=0
split_feature=6 12 1 12
split_gain=13.9424 12.0545 6.81615 3.94264
threshold=0.20449999719858172 -5.9426498413085929 0.72690001130104076 -8.4084501266479474
decision_type=8 2 2 2
left_child=-1 3 -3 -2
right_child=1 2 -4 -5
leaf_value=-0.017250699562518478 -0.037312789466432017 -0.044219519134224394 -0.035997279503695752 -0.020632538270609502
leaf_weight=28.240169793367386 23.99164867401123 215.92483806610107 146.44902211427689 37.486951053142548
leaf_count=113 96 864 586 150
internal_value=-0.0373128 -0.0386672 -0.0408196 -0.0266078
internal_weight=0 423.852 362.374 61.4786
internal_count=1809 1696 1450 246
is_linear=0
shrinkage=1


Tree=1
num_leaves=5
num_cat=0
split_feature=8 15 11 10
split_gain=13.7875 10.8219 13.938 8.65885
threshold=-1.9873999953269956 4.5000000000000009 -0.12254999950528143 -7.1665000915527335
decision_type=8 2 2 10
left_child=-1 3 -3 -2
right_child=1 2 -4 -5
leaf_value=0.022797170701204742 -0.013789507765788781 -0.0046873739696276411 0.01873569055427925 -0.001268166283155603
leaf_weight=21.742793589830399 61.478150486946106 38.738159865140915 48.735715597867966 281.38772892951965
leaf_count=87 246 155 195 1126
internal_value=0 -0.00116867 0.00808787 -0.00363414
internal_weight=0 430.34 87.4739 342.866
internal_count=1809 1722 350 1372
is_linear=0
shrinkage=0.03


Tree=2
num_leaves=7
num_cat=0
split_feature=23 23 15 12 1 12
split_gain=14.7177 16.9061 12.5099 11.7627 10.8347 4.02291
threshold=0.79800000786781322 0.17960000038146975 3.5000000000000004 4.0578501224517831 0.80904999375343334 -0.42990000545978541
decision_type=2 2 2 2 2 2
left_child=1 4 -3 5 -1 -2
right_child=3 2 -4 -5 -6 -7
leaf_value=-0.0051470048661931183 -0.011502698076153492 0.0048338003907961481 0.032025476209527177 -0.026385243595281934 0.0070983671198626922 0.0011075099367614226
leaf_weight=159.92889480292797 33.737845838069916 40.980408981442451 27.243878781795502 26.738263368606567 107.96233201026917 55.478353947401047
leaf_count=640 135 164 109 107 432 222
internal_value=0 0.00321137 0.0164314 -0.00913954 -9.2406e-05 -0.00340325
internal_weight=0 336.116 68.2243 115.954 267.891 89.2162
internal_count=1809 1345 273 464 1072 357
is_linear=0
shrinkage=0.03


Tree=3
num_leaves=5
num_cat=0
split_feature=6 16 16 11
split_gain=12.6012 16.2426 12.4015 11.5046
threshold=0.20449999719858172 0.0034469999372959141 0.00082300000940449547 0.43680000305175787
decision_type=8 8 10 2
left_child=-1 2 -2 -3
right_child=1 3 -4 -5
leaf_value=0.019078258853656219 -0.0012995367480621376 -0.014226035932652873 0.012424506875411485 0.001466999523947231
leaf_weight=28.246391579508781 162.17116911709309 109.94930075109005 89.460901871323586 62.218274280428886
leaf_count=113 649 440 358 249
internal_value=0 -0.00128 0.00349079 -0.00840589
internal_weight=0 423.8 251.632 172.168
internal_count=1809 1696 1007 689
is_linear=0
shrinkage=0.03


Tree=4
num_leaves=7
num_cat=0
split_feature=8 26 8 16 12 16
split_gain=13.0379 9.25418 11.526 7.5371 7.94943 7.4473
threshold=0.25045000016689306 -0.47480000555515284 -1.9873999953269956 0.0034469999372959141 0.77684998512268078 0.0052294998895376929
decision_type=8 10 10 8 2 10
left_child=1 2 -1 4 -2 -5
right_child=3 -3 -4 5 -6 -7
leaf_value=0.022123116386832915 0.0052361388640290007 0.018528296716804688 -0.00011008195979193365 -0.028641340996047794 -0.011843102059265108 -0.0055505922905122879
leaf_weight=21.748187944293022 58.726359456777573 33.236044049263 238.87044769525528 22.983159154653549 39.732299715280533 36.726850003004074
leaf_count=87 235 133 956 92 159 147
internal_value=0 0.00376861 0.00170804 -0.00688564 -0.00140421 -0.015258
internal_weight=0 293.855 260.619 158.169 98.4587 59.71
internal_count=1809 1176 1043 633 394 239
is_linear=0
shrinkage=0.03


Tree=5
num_leaves=6
num_cat=0
split_feature=28 22 14 11 26
split_gain=14.3894 16.4042 11.5073 9.80848 6.60703
threshold=1.4129499793052676 -0.25789999961853022 16.500000000000004 3.0485000610351567 -0.42955000698566431
decision_type=8 2 2 2 10
left_child=4 2 -2 -3 -1
right_child=1 3 -4 -5 -6
leaf_value=0.0030033969208802525 0 -0.005190695991598355 0.016899565389279135 -0.025137615583518253 0.023442729301693086
leaf_weight=34.734338834881783 133.67330959439278 182.63937757909298 47.224464222788811 25.978307738900185 29.486611008644104
leaf_count=139 535 731 189 104 118
internal_value=0 -0.00215895 0.00433366 -0.00792579 0.0130635
internal_weight=0 389.515 180.898 208.618 64.2209
internal_count=1816 1559 724 835 257
is_linear=0
shrinkage=0.03


Tree=6
num_leaves=7
num_cat=0
split_feature=30 32 30 26 16 6
split_gain=19.6305 11.9736 13.0153 12.1222 11.8287 4.86091
threshold=3.4112499952316289 1.5000000000000002 1.3454999923706057 -0.42955000698566431 -0.0012470000074245033 0.63359999656677257
decision_type=2 2 2 10 10 10
left_child=1 3 -3 -1 -2 -6
right_child=4 2 -4 -5 5 -7
leaf_value=-0.0036807602601801586 0.0040482947627512068 0.01944711556079079 0 0.013528359991151942 -0.011747770760998951 -0.033248096761900353
leaf_weight=220.35850538313389 19.988527029752731 65.719672814011574 52.465445145964622 42.97120663523674 30.470817819237709 21.725491404533386
leaf_count=882 80 263 210 172 122 87
internal_value=0 0.00274354 0.0106503 -0.000718456 -0.014215 -0.0217175
internal_weight=0 381.515 118.185 263.33 72.1848 52.1963
internal_count=1816 1527 473 1054 289 209
is_linear=0
shrinkage=0.03


Tree=7
num_leaves=7
num_cat=0
split_feature=30 14 16 23 28 10
split_gain=18.5166 13.6167 11.2099 9.4144 9.07791 4.4127
threshold=3.4112499952316289 12.500000000000002 -0.0012470000074245033 0.73984998464584362 4.8435499668121347 -1.7060499787330625
decision_type=2 2 10 2 10 10
left_child=1 4 -2 -3 -1 -4
right_child=2 3 5 -5 -6 -7
leaf_value=-0.0051226826973231011 0.0039323279783743635 0.012092713805611086 -0.032770482045108622 -0.0049720894668321951 0.013092324911791825 -0.011913271975283734
leaf_weight=176.86453540623188 19.990128487348557 144.68272982537746 20.465115621685982 32.971590667963028 26.981858804821968 31.692527368664742
leaf_count=708 80 579 82 132 108 127
internal_value=0 0.00266142 -0.0138125 0.00874756 -0.00251308 -0.0211239
internal_weight=0 381.501 72.1478 177.654 203.846 52.1576
internal_count=1816 1527 289 711 816 209
is_linear=0
shrinkage=0.03


Tree=8
num_leaves=6
num_cat=0
split_feature=6 16 16 12 25
split_gain=12.7949 17.1678 19.7714 19.1919 8.45841
threshold=0.23605000227689746 0.0034079999895766382 0.0052294998895376929 -2.6857999563217159 17.257499694824222
decision_type=8 8 10 2 2
left_child=4 3 -3 -2 -1
right_child=1 2 -4 -5 -6
leaf_value=0 0.015620519964934734 -0.021532805218279983 -0.00039393710725923174 -0.0023033881668724004 0.027417989806891387
leaf_weight=20.490284949541092 77.951831296086311 66.897538617253304 103.65525712072849 161.62627518177032 22.972425103187561
leaf_count=82 312 268 415 647 92
internal_value=0 -0.00164078 -0.00893749 0.00344452 0.0153002
internal_weight=0 410.131 170.553 239.578 43.4627
internal_count=1816 1642 683 959 174
is_linear=0
shrinkage=0.03


Tree=9
num_leaves=7
num_cat=0
split_feature=30 32 26 30 16 26
split_gain=17.5592 10.4364 12.3713 12.3059 6.55619 2.18573
threshold=3.5120500326156621 1.5000000000000002 -0.42955000698566431 1.3454999923706057 -0.0010384999914094804 -0.81970000267028797
decision_type=2 2 10 2 10 10
left_child=1 2 -1 -3 -2 -6
right_child=4 3 -4 -5 5 -7
leaf_value=-0.0037205474911264579 0 0.01844062759585775 0.013406556943356513 -0.00032077887813446756 -0.011364091754715987 -0.028588842377329227
leaf_weight=223.30602853000164 20.238463819026947 65.70080903172493 44.460076704621315 53.705345630645752 25.175812050700188 20.936746835708618
leaf_count=894 81 263 178 215 101 84
internal_value=0 0.00246637 -0.000725829 0.00982056 -0.0141274 -0.0202623
internal_weight=0 387.172 267.766 119.406 66.351 46.1126
internal_count=1816 1550 1072 478 266 185
is_linear=0
shrinkage=0.03


Tree=10
num_leaves=8
num_cat=0
split_feature=12 28 25 7 7 29 21
split_gain=12.9102 23.2422 13.1215 21.0299 10.7726 5.42994 2.52421
threshold=0.89749997854232799 1.7241500020027163 14.632599830627443 0.39654999971389776 0.40379999577999121 -2.911499977111816 -0.12364999949932097
decision_type=2 8 2 10 10 2 2
left_child=1 6 5 -4 -3 -2 -1
right_child=2 4 3 -5 -6 -7 -8
leaf_value=0.010084339284272072 -0.0040761925647240342 -0.012505648243667495 0.019940838239421811 -0.0089127830721961628 0.0036011630747471456 -0.025083910470916505 0.027102851970974978
leaf_weight=20.984779223799706 22.486232310533524 45.707136332988739 32.70194773375988 68.618028327822685 184.29267907142639 33.966536357998848 35.953153371810913
leaf_count=84 90 183 131 275 738 136 144
internal_value=0 0.00464129 -0.00599144 0.00021066 0.000230157 -0.0174549 0.0216307
internal_weight=0 286.938 157.773 101.32 230 56.4528 56.9379
internal_count=1781 1149 632 406 921 226 228
is_linear=0
shrinkage=0.03


Tree=11
num_leaves=6
num_cat=0
split_feature=30 16 29 16 10
split_gain=8.74043 13.578 10.3892 8.8233 4.54001
threshold=3.4112499952316289 -0.0061164998915046445 -0.60690000653266896 -0.0011810000287368891 -0.37549999356269831
decision_type=2 10 2 10 10
left_child=1 -1 -3 -2 -5
right_child=3 2 -4 4 -6
leaf_value=-0.020198442504920949 0.0064080607791426819 0.0018556175593373967 0.016594683460496241 -0.026124086544226835 -0.00535969678406525
leaf_weight=20.7307970225811 19.991198524832726 306.19894795119762 50.666055649518967 22.413392290472984 24.652895882725716
leaf_count=83 80 1226 203 90 99
internal_value=0 0.00261096 0.00407256 -0.00903108 -0.0162098
internal_weight=0 377.596 356.865 67.0575 47.0663
internal_count=1781 1512 1429 269 189
is_linear=0
shrinkage=0.03


Tree=12
num_leaves=4
num_cat=0
split_feature=6 5 1
split_gain=13.5888 9.46822 8.03728
threshold=0.20449999719858172 2.4865000247955327 1.1975499987602236
decision_type=8 8 2
left_child=-1 2 -2
right_child=1 -3 -4
leaf_value=0.020307324381063044 -0.00088344762654515917 -0.015809714997059476 0.012147909479495254
leaf_weight=28.904893100261688 335.28692373633385 32.958795234560966 47.445436283946037
leaf_count=116 1343 132 190
internal_value=0 -0.000589069 0.000681253
internal_weight=0 415.691 382.732
internal_count=1781 1665 1533
is_linear=0
shrinkage=0.03


Tree=13
num_leaves=5
num_cat=0
split_feature=6 12 16 10
split_gain=12.8269 10.763 13.3622 11.4003
threshold=0.20449999719858172 0.89749997854232799 0.0034079999895766382 2.6259000301361088
decision_type=8 2 8 10
left_child=-1 2 -2 -3
right_child=1 3 -4 -5
leaf_value=0.019739108145636307 0.008876956572265348 -0.015378180246004153 -0.004490798145075978 0.00085475760908608977
leaf_weight=28.874096438288689 150.88117405772209 73.888122871518135 116.80427365005016 74.107943058013916
leaf_count=116 604 296 468 297
internal_value=0 -0.000571747 0.00293729 -0.00709713
internal_weight=0 415.682 267.685 147.996
internal_count=1781 1665 1072 593
is_linear=0
shrinkage=0.03


Tree=14
num_leaves=7
num_cat=0
split_feature=12 16 10 21 16 23
split_gain=11.4164 14.7533 13.5459 12.5266 11.4581 5.16328
threshold=0.89749997854232799 0.0068810000084340581 -3.5394499301910396 -0.28445000946521753 0.0075875001493841418 1.1382500529289248
decision_type=2 10 10 2 8 2
left_child=2 3 4 -2 -1 -4
right_child=1 -3 5 -5 -6 -7
leaf_value=0.0013384600707337982 0.0035269943592296116 0.015615150616308537 0.013245634606494966 -0.015703730526166287 -0.021747758749848044 -0.00078626480536707431
leaf_weight=119.10795706510544 41.183507308363914 22.953931629657745 121.80617374181747 93.51317323744297 21.720433041453362 24.19235871732235
leaf_count=477 165 92 488 375 87 97
internal_value=0 -0.00568157 0.00432023 -0.00962019 -0.00213891 0.0107269
internal_weight=0 157.651 286.827 134.697 140.828 145.999
internal_count=1781 632 1149 540 564 585
is_linear=0
shrinkage=0.03


Tree=15
num_leaves=6
num_cat=0
split_feature=26 3 26 3 30
split_gain=11.5174 12.3377 10.4398 8.34797 5.21527
threshold=-4.1360499858856192 37.323749542236335 -5.8561999797821036 59.848598480224616 1.2748000025749209
decision_type=8 2 10 2 2
left_child=2 4 -1 -3 -2
right_child=1 3 -4 -5 -6
leaf_value=-0.0015990206879378716 -0.00096562988663452141 0.010597707089212063 0.02519767114113482 -0.0067711159421260424 -0.0096025210150876197
leaf_weight=21.219556391239166 116.5293780118227 82.840567544102669 26.226873740553856 32.438405334949493 161.92561426758766
leaf_count=85 467 332 105 130 649
internal_value=0 -0.00264959 0.0128085 0.00543609 -0.00611185
internal_weight=0 393.734 47.4464 115.279 278.455
internal_count=1768 1578 190 462 1116
is_linear=0
shrinkage=0.03


Tree=16
num_leaves=8
num_cat=0
split_feature=3 23 16 28 5 16 4
split_gain=10.9953 13.5065 10.4395 8.26645 7.33631 6.46116 2.04511
threshold=13.625699996948244 0.69850000739097606 0.0084810000844299811 3.2110999822616582 0.52549999952316295 0.0031324999872595076 28.967999458312992
decision_type=2 2 10 10 10 10 2
left_child=3 2 -2 5 -3 -1 -5
right_child=1 4 -4 6 -6 -7 -8
leaf_value=-0.005036423868110331 0.0085568828118325335 -0.022891301510818633 -0.012532966656169767 0.0067028991738961518 -0.0020659272590378892 -0.022958616074086773 -0.0046737758520858652
leaf_weight=44.938430652022362 196.44494271278381 20.681999206542969 21.70122042298317 27.942824736237526 65.828133881092072 38.406805604696274 25.193234324455261
leaf_count=180 787 83 87 112 264 154 101
internal_value=0 0.00222671 0.00627435 -0.00796117 -0.00759216 -0.0138252 0.000768056
internal_weight=0 304.656 218.146 136.481 86.5101 83.3452 53.1361
internal_count=1768 1221 874 547 347 334 213
is_linear=0
shrinkage=0.03


Tree=17
num_leaves=6
num_cat=0
split_feature=12 16 12 10 28
split_gain=13.4254 18.7218 17.2023 11.081 10.3738
threshold=0.69319999217987072 0.0083335000090301054 1.4492499828338625 -3.600349903106689 1.5673999786376955
decision_type=2 10 2 10 8
left_child=1 4 -2 -4 -1
right_child=2 -3 3 -5 -6
leaf_value=0.019702836840606509 -0.031204404530489199 -0.017320400744989761 0.01627436026032713 -0.0072011110593411982 0.0030115191840656527
leaf_weight=40.887245297431946 23.444306612014771 34.1600631326437 19.958021447062492 114.4458954334259 208.18534168601036
leaf_count=164 94 137 80 459 834
internal_value=0 0.00297741 -0.00788822 -0.00339917 0.00593933
internal_weight=0 283.233 157.848 134.404 249.073
internal_count=1768 1135 633 539 998
is_linear=0
shrinkage=0.03


Tree=18
num_leaves=7
num_cat=0
split_feature=12 11 12 24 26 3
split_gain=12.6488 18.5585 16.2572 13.6202 11.4065 5.41529
threshold=0.69319999217987072 -0.10665000230073927 1.4492499828338625 -94.14629745483397 -1.8095499873161314 13.625699996948244
decision_type=2 2 2 2 10 2
left_child=1 3 -2 -1 -4 -3
right_child=2 5 4 -5 -6 -7
leaf_value=0.0020317591850312214 -0.03034452585198355 0.0022626314222436205 0.009252689874749833 -0.016317194478917836 -0.0092838997169471527 0.018194819053588419
leaf_weight=134.81206753849983 23.414166048169136 33.673236325383186 41.666539877653122 47.875263825058937 92.717748239636421 66.830826461315155
leaf_count=540 94 135 167 192 372 268
internal_value=0 0.00288908 -0.00765827 -0.00267612 -0.00328905 0.0132273
internal_weight=0 283.191 157.798 182.687 134.384 100.504
internal_count=1768 1135 633 732 539 403
is_linear=0
shrinkage=0.03


Tree=19
num_leaves=7
num_cat=0
split_feature=12 21 29 28 7 23
split_gain=11.9294 16.8674 14.9072 12.553 14.6666 4.80715
threshold=0.69319999217987072 -0.38054999709129328 -0.59630000591278065 1.6582000255584719 0.35185000300407415 -0.25614999234676356
decision_type=2 2 2 8 10 2
left_child=3 -2 -3 5 -5 -1
right_child=1 2 -4 4 -6 -7
leaf_value=0.0056406469148651628 0.010041888389051972 -0.018445973940312763 0.0058875060611936923 -0.019938967342808835 0.0026912504427045176 0.026277948520766002
leaf_weight=26.46647173166275 35.68651519715786 95.13560639321804 26.913247212767601 28.456162124872208 204.63422061502934 23.601898953318596
leaf_count=106 143 382 108 114 820 95
internal_value=0 -0.00743737 -0.0128321 0.00280654 -1.67126e-05 0.0162805
internal_weight=0 157.735 122.049 283.159 233.09 50.0684
internal_count=1768 633 490 1135 934 201
is_linear=0
shrinkage=0.03


Tree=20
num_leaves=7
num_cat=0
split_feature=16 23 28 28 21 28
split_gain=9.7326 15.5435 14.4315 11.9054 9.5561 8.08301
threshold=0.0034079999895766382 0.73984998464584362 1.4129499793052676 3.2847499847412114 0.39155000448226934 2.9556000232696538
decision_type=8 2 10 10 2 10
left_child=1 5 -2 -4 -3 -1
right_child=2 4 3 -5 -6 -7
leaf_value=0.0021161128177744231 0.012503482783864513 -0.018817234981416277 -0.016435965756573596 0 0.0015477621208518004 0.015104728432069718
leaf_weight=104.00781138241291 30.843325302004814 36.347381427884102 90.469170972704887 68.784426242113113 40.887940272688866 81.884248316287994
leaf_count=417 124 146 363 276 164 328
internal_value=0 0.00327952 -0.00559618 -0.00934497 -0.00777068 0.00804824
internal_weight=0 263.127 190.097 159.254 77.2353 185.892
internal_count=1818 1055 763 639 310 745
is_linear=0
shrinkage=0.03


Tree=21
num_leaves=6
num_cat=0
split_feature=16 28 25 28 28
split_gain=9.15756 13.6124 13.522 11.2258 11.0871
threshold=0.0034079999895766382 1.4129499793052676 506.50010681152349 3.2847499847412114 2.3571000099182133
decision_type=8 10 2 10 10
left_child=2 -2 4 -3 -1
right_child=1 3 -4 -5 -6
leaf_value=-0.0021616868870719492 0.012144747812131854 -0.015960043802195747 -0.018991207710161891 0 0.010655544103490809
leaf_weight=98.705120027065277 30.831467673182487 90.402733236551285 21.135211333632469 68.784426242113113 143.24599008262157
leaf_count=396 124 363 85 276 574
internal_value=0 -0.00542559 0.003185 -0.00907047 0.00531584
internal_weight=0 190.019 263.086 159.187 241.951
internal_count=1818 763 1055 639 970
is_linear=0
shrinkage=0.03


Tree=22
num_leaves=7
num_cat=0
split_feature=30 14 25 30 4 10
split_gain=6.01388 7.12131 13.2869 9.18937 5.42304 4.03998
threshold=3.4112499952316289 16.500000000000004 14.632599830627443 1.5725999474525454 34.478549957275398 -0.46890000998973841
decision_type=2 2 2 2 2 10
left_child=1 2 -1 -3 5 -2
right_child=4 3 -4 -5 -6 -7
leaf_value=-0.0063567203696728242 -0.010594673725630544 0.014364405014379368 0.0071077817813771683 -0.00387026220055856 -0.020515030519610785 0.0061210328279109882
leaf_weight=177.80974987149239 24.893085956573486 67.251695245504379 102.40488286316395 35.14207911491394 22.120393633842468 23.374691352248192
leaf_count=713 100 270 411 141 89 94
internal_value=0 0.0010658 -0.00132164 0.00783911 -0.00839699 -0.00193089
internal_weight=0 382.608 280.215 102.394 70.3882 48.2678
internal_count=1818 1535 1124 411 283 194
is_linear=0
shrinkage=0.03


Tree=23
num_leaves=8
num_cat=0
split_feature=3 7 8 16 4 15 12
split_gain=9.60227 10.4068 9.03104 9.64304 6.66288 6.5355 1.57186
threshold=15.753350257873537 0.53169998526573192 0.16399999707937243 -0.0006604999944102018 9.8795995712280291 3.5000000000000004 -0.43225000798702234
decision_type=2 10 8 10 2 2 2
left_child=1 5 4 -4 -2 -1 -3
right_child=2 6 3 -5 -6 -7 -8
leaf_value=-0.015758369771209303 -0.003497713831323261 0.010585596496856361 -0.016492057403890731 0.0019825827987197675 0.010146556150799225 0 0
leaf_weight=80.464981704950333 37.371266737580299 23.711865350604057 35.160661980509758 78.115009963512421 140.29974959790707 35.87035496532917 21.924270525574684
leaf_count=323 150 95 141 314 563 144 88
internal_value=0 -0.00623533 0.00284292 -0.00358354 0.0071052 -0.0110581 0.00538907
internal_weight=0 161.971 290.947 113.276 177.671 116.335 45.6361
internal_count=1818 650 1168 455 713 467 183
is_linear=0
shrinkage=0.03


Tree=24
num_leaves=7
num_cat=0
split_feature=16 23 12 28 28 28
split_gain=8.70843 14.0912 24.5939 12.647 10.6509 7.36549
threshold=0.0034079999895766382 0.73984998464584362 3.241400003433228 1.4129499793052676 3.2847499847412114 2.9556000232696538
decision_type=8 2 2 10 10 10
left_child=1 5 -3 -2 -5 -1
right_child=3 2 -4 4 -6 -7
leaf_value=0.0019914635871185046 0.011655160369865681 0.0045911595206494698 -0.03005889397822183 -0.015508103918782479 0 0.014409052601342003
leaf_weight=103.98775292932987 30.795899897813797 50.136116668581963 27.032299280166626 90.305593088269234 68.763250470161438 81.848620116710663
leaf_count=417 124 201 109 363 276 328
internal_value=0 0.00312496 -0.00739232 -0.00527465 -0.00879203 0.00766901
internal_weight=0 263.005 77.1684 189.865 159.069 185.836
internal_count=1818 1055 310 763 639 745
is_linear=0
shrinkage=0.03


Tree=25
num_leaves=5
num_cat=0
split_feature=8 16 12 12
split_gain=10.3657 7.54142 15.8514 13.182
threshold=-1.8425500392913816 0.0034469999372959141 -1.4469999670982359 4.1941502094268808
decision_type=8 8 2 2
left_child=-1 3 -3 -2
right_child=1 2 -4 -5
leaf_value=0.018942141607913507 0.0044688902973662233 -0.016175089827747437 0.0014882575926873794 -0.016664986163913445
leaf_weight=22.174421519041061 211.51291558146477 80.136315122246742 98.178859859704971 29.052000239491463
leaf_count=89 848 322 395 117
internal_value=0 -0.00163357 -0.00632843 0.00173403
internal_weight=0 418.88 178.315 240.565
internal_count=1771 1682 717 965
is_linear=0
shrinkage=0.03


Tree=26
num_leaves=8
num_cat=0
split_feature=29 11 11 12 11 12 4
split_gain=9.62718 12.4221 25.5078 13.7195 10.3202 17.1202 2.86255
threshold=-2.9851499795913692 -0.12254999950528143 -1.6403499841690061 4.087249994277955 -2.3268499374389644 -4.6796500682830802 14.697500228881838
decision_type=2 2 2 2 2 2 2
left_child=4 2 -2 -3 5 -1 -6
right_child=1 3 -4 -5 6 -7 -8
leaf_value=0.01314524774510918 0.0034053414440872241 0.0061986824310450396 -0.021464060175593023 -0.013675654008451464 0.0030966241071694522 -0.022709634200425443 0.01879138959493367
leaf_weight=23.681116014719009 67.028583392500877 146.85801424086094 76.932581871747971 38.179392516613007 20.443285703659058 21.688381254673004 46.143695086240768
leaf_count=95 269 590 309 154 82 87 185
internal_value=0 -0.00312234 -0.00973426 0.00188522 0.00700705 -0.00346791 0.0145338
internal_weight=0 328.999 143.961 185.037 111.956 45.3695 66.587
internal_count=1771 1322 578 744 449 182 267
is_linear=0
shrinkage=0.03


Tree=27
num_leaves=8
num_cat=0
split_feature=3 23 25 16 16 12 3
split_gain=8.05879 8.93206 10.9709 7.30416 6.44985 6.40961 4.51372
threshold=13.296500205993654 -1.1425999999046323 -532.02276611328114 0.0026884999824687843 0.0051880001556128272 4.1941502094268808 4.2295000553131112
decision_type=2 2 2 8 10 2 2
left_child=3 2 -2 6 -5 -3 -1
right_child=1 5 -4 4 -6 -7 -8
leaf_value=-0.009512840232801488 0 0.0011236705181707459 0.021828076444449587 -0.02554440860675513 -0.0047345736664064289 -0.012878303781646573 0.0062397915005178405
leaf_weight=25.653976947069168 42.122136056423187 196.46223083138466 39.148107275366783 25.816898852586746 37.054449275135994 33.209370285272598 41.386640533804893
leaf_count=103 169 789 157 104 149 134 166
internal_value=0 0.00209632 0.0106066 -0.00675465 -0.0140156 -0.000817943 0
internal_weight=0 310.942 81.2702 129.912 62.8713 229.672 67.0406
internal_count=1771 1249 326 522 253 923 269
is_linear=0
shrinkage=0.03


Tree=28
num_leaves=5
num_cat=0
split_feature=8 11 3 15
split_gain=9.35368 7.32393 16.2548 14.4015
threshold=-1.8425500392913816 0.097699999809265151 15.753350257873537 3.5000000000000004
decision_type=8 2 2 2
left_child=-1 2 -2 -3
right_child=1 3 -4 -5
leaf_value=0.01803181879542276 -0.01640960638460677 -0.0030700473696368765 0.00037697581933014994 0.013932395731217089
leaf_weight=22.132436186075211 76.40660272538662 128.3132901340723 147.502032533288 66.393133819103241
leaf_count=89 307 516 592 267
internal_value=0 -0.00153064 -0.00526538 0.00261591
internal_weight=0 418.615 223.909 194.706
internal_count=1771 1682 899 783
is_linear=0
shrinkage=0.03


Tree=29
num_leaves=6
num_cat=0
split_feature=26 25 11 3 11
split_gain=7.92238 18.1302 7.69272 17.2178 11.3763
threshold=-3.7915500402450557 -686.27981567382801 0.078850001096725478 14.972399711608888 0.83289998769760143
decision_type=8 2 2 2 2
left_child=1 -1 3 -2 -4
right_child=2 -3 4 -5 -6
leaf_value=-0.0069706638732251998 -0.019261929214325898 0.02580233467778319 0.01438981673727399 0 -0.0020883982538067399
leaf_weight=27.16709740459919 61.404988393187523 29.862661972641945 49.732487142086029 133.5233935713768 138.94153825938702
leaf_count=109 247 120 200 536 559
internal_value=0 0.00982229 -0.00204655 -0.00625171 0.00214989
internal_weight=0 57.0298 383.602 194.928 188.674
internal_count=1771 229 1542 783 759
is_linear=0
shrinkage=0.03


Tree=30
num_leaves=7
num_cat=0
split_feature=8 8 27 2 2 1
split_gain=14.6093 8.49699 10.6532 7.55728 7.12528 4.55396
threshold=0.25045000016689306 0.006000000052154065 1.1935999989509585 16.445049285888675 51.305599212646491 0.41504999995231634
decision_type=10 10 8 2 2 2
left_child=1 2 -1 -2 -5 -3
right_child=3 5 -4 4 -6 -7
leaf_value=0.0066042947462565055 -0.019345914118388999 0.0022674416799995274 -0.0071874851595848336 0.0044703285013533468 -0.0093287941551297385 0.021456363744016538
leaf_weight=158.02773393690586 31.58686201274395 21.36608512699604 71.353706896305084 60.190537601709366 69.824726730585098 37.351005524396896
leaf_count=635 127 86 287 242 281 150
internal_value=0 0.0049596 0.00217129 -0.00625816 -0.00272615 0.0151311
internal_weight=0 288.099 229.381 161.602 130.015 58.7171
internal_count=1808 1158 922 650 523 236
is_linear=0
shrinkage=0.03


Tree=31
num_leaves=6
num_cat=0
split_feature=27 1 10 16 2
split_gain=9.73442 7.5291 11.0502 8.79995 2.82702
threshold=3.3185499906539921 0.67019999027252208 -2.2048500776290889 0.0077800001017749318 48.19639968872071
decision_type=8 2 10 10 2
left_child=1 2 -1 -3 -2
right_child=4 3 -4 -5 -6
leaf_value=-0.01008805950851965 -0.0024037815735326964 0.0090606484810006969 0.0037067480865096564 -0.010988921912147334 -0.02007791977238527
leaf_weight=82.101867377758026 19.867386057972908 168.76322020590305 136.69272945821285 20.147052347660065 22.06475093960762
leaf_count=330 80 678 550 81 89
internal_value=0 0.00231912 -0.00135556 0.00671781 -0.0126538
internal_weight=0 407.705 218.795 188.91 41.9321
internal_count=1808 1639 880 759 169
is_linear=0
shrinkage=0.03


Tree=32
num_leaves=6
num_cat=0
split_feature=30 1 11 9 15
split_gain=12.3139 7.96507 5.90746 4.89144 3.55833
threshold=3.9082499742507939 1.0175999999046328 0.51109999418258678 2.9241499900817876 3.5000000000000004
decision_type=2 2 2 10 2
left_child=1 2 -1 -2 -3
right_child=3 4 -4 -5 -6
leaf_value=-0.0028616203240008791 -0.021066858540636991 0.0054928634696518657 0.0057156510754732106 -0.0007032520230951223 0.019349905625295427
leaf_weight=194.54294484853745 28.279408305883408 62.957862973213196 113.12090069055557 21.789407402276993 28.898896560072899
leaf_count=782 114 253 455 88 116
internal_value=0 0.00262798 0.000203152 -0.0129796 0.0103369
internal_weight=0 399.521 307.664 50.0688 91.8568
internal_count=1808 1606 1237 202 369
is_linear=0
shrinkage=0.03


Tree=33
num_leaves=6
num_cat=0
split_feature=5 11 11 16 5
split_gain=8.33224 9.5541 12.0407 9.33833 7.97528
threshold=0.73749998211860668 2.5511500835418706 1.1208999752998354 0.0080259996466338652 1.8485000133514407
decision_type=10 2 2 10 10
left_child=1 2 -1 4 -2
right_child=3 -3 -4 -5 -6
leaf_value=-0.0053422321336185656 0.010157659026061647 -0.022187552323353277 0.013474988474793167 -0.012987017295490363 -0.0017673978056379561
leaf_weight=141.96664692461491 157.75659389793873 21.500713974237442 37.601557239890099 22.859626293182373 67.862275049090385
leaf_count=571 634 87 151 92 273
internal_value=0 -0.00367618 -0.00118296 0.00449347 0.00644645
internal_weight=0 201.069 179.568 248.478 225.619
internal_count=1808 809 722 999 907
is_linear=0
shrinkage=0.03


Tree=34
num_leaves=7
num_cat=0
split_feature=8 8 27 2 2 16
split_gain=13.6433 8.06311 9.78619 7.13872 6.60661 3.26144
threshold=0.25045000016689306 0.006000000052154065 1.1935999989509585 16.445049285888675 51.305599212646491 0.002412499976344407
decision_type=10 10 8 2 2 10
left_child=1 2 -1 -2 -5 -3
right_child=3 5 -4 4 -6 -7
leaf_value=0.0062459099467066809 -0.018868528122473697 0.0055705154748925132 -0.0069765818604096141 0.0042222471905129302 -0.0090565727238393432 0.021795275849557882
leaf_weight=157.9722191542387 31.555067166686058 28.613811492919922 71.297676801681519 60.184949353337288 69.767173692584038 30.098058581352234
leaf_count=635 127 115 287 242 281 121
internal_value=0 0.00471064 0.0019913 -0.00613411 -0.00269236 0.0146161
internal_weight=0 287.982 229.27 161.507 129.952 58.7119
internal_count=1808 1158 922 650 523 236
is_linear=0
shrinkage=0.03


Tree=35
num_leaves=6
num_cat=0
split_feature=24 10 24 24 10
split_gain=6.82976 9.91563 9.58384 9.14132 9.16776
threshold=-434.61575317382807 -10.750950336456297 -588.43109130859364 -290.01635742187494 -2.7922000885009761
decision_type=2 10 2 2 10
left_child=1 -1 -3 -2 -5
right_child=3 2 -4 4 -6
leaf_value=-0.0044935499128892237 -0.014801660368086188 0.0053145313700669536 0.032118609408233946 -0.0067209707968896 0.0040822700947589696
leaf_weight=31.611852824687958 37.823461934924126 37.075339928269386 20.171795055270195 102.34833106398582 219.77317428588867
leaf_count=127 152 149 81 412 885
internal_value=0 0.00818859 0.0156636 -0.00101954 0.000546713
internal_weight=0 88.859 57.2471 359.945 322.122
internal_count=1806 357 230 1449 1297
is_linear=0
shrinkage=0.03


Tree=36
num_leaves=5
num_cat=0
split_feature=6 28 27 30
split_gain=7.46528 8.11973 12.3652 9.90873
threshold=0.20449999719858172 3.3291500806808476 2.6790499687194829 0.43260000646114355
decision_type=8 10 10 2
left_child=-1 3 -3 -2
right_child=1 2 -4 -5
leaf_value=0.015565575770075803 -0.021062446525402886 0.011304204846594274 -0.0051644663772133651 -0.001483836716312857
leaf_weight=27.63670551776886 25.631167203187943 103.23781087994576 64.002494469285011 228.26885743439198
leaf_count=112 103 415 258 918
internal_value=0 -0.000209629 0.00483013 -0.00365286
internal_weight=0 421.14 167.24 253.9
internal_count=1806 1694 673 1021
is_linear=0
shrinkage=0.03


Tree=37
num_leaves=5
num_cat=0
split_feature=5 5 8 5
split_gain=7.75422 7.65987 8.85201 5.36416
threshold=2.6219999790191655 1.3365000486373904 -0.83790001273155201 1.8059999942779543
decision_type=8 10 10 10
left_child=1 2 -1 -3
right_child=-2 3 -4 -5
leaf_value=0.012055596025244466 -0.012399305506912515 0.016751842513402716 -0.0021257950400071796 0.00076009610635652269
leaf_weight=44.988005191087723 35.745543569326401 46.211046025156975 283.17951373755932 38.543162107467651
leaf_count=181 144 186 1140 155
internal_value=0 0.00193571 -5.98315e-05 0.00992288
internal_weight=0 412.922 328.168 84.7542
internal_count=1806 1662 1321 341
is_linear=0
shrinkage=0.03


Tree=38
num_leaves=5
num_cat=0
split_feature=5 12 9 32
split_gain=7.31355 8.75494 8.4661 7.89682
threshold=2.6219999790191655 3.4945499897003178 1.5344500541687014 1.5000000000000002
decision_type=8 2 10 2
left_child=1 3 -3 -1
right_child=-2 2 -4 -5
leaf_value=0.00061306403999277425 -0.01203956906399576 0 -0.023061793768923627 0.010465601604967045
leaf_weight=235.06335411965847 35.739165678620338 46.205120861530304 21.132943585515022 110.49479393661022
leaf_count=945 144 186 86 445
internal_value=0 0.00188192 -0.0077945 0.00387116
internal_weight=0 412.896 67.3381 345.558
internal_count=1806 1662 272 1390
is_linear=0
shrinkage=0.03


Tree=39
num_leaves=5
num_cat=0
split_feature=5 5 28 5
split_gain=6.89147 7.22584 8.99703 5.03826
threshold=2.6219999790191655 1.3365000486373904 3.3291500806808476 1.8059999942779543
decision_type=8 10 10 10
left_child=1 2 -1 -3
right_child=-2 3 -4 -5
leaf_value=-0.0040663019830976133 -0.011691043486942108 0.01620204086233773 0.0061399039249321252 0.00068100499188885504
leaf_weight=204.15043313801289 35.730400398373604 46.202181771397591 123.92320995032787 38.538425028324127
leaf_count=822 144 186 499 155
internal_value=0 0.00182331 -0.000113005 0.00958353
internal_weight=0 412.814 328.074 84.7406
internal_count=1806 1662 1321 341
is_linear=0
shrinkage=0.03


Tree=40
num_leaves=7
num_cat=0
split_feature=8 12 12 11 15 11
split_gain=10.1376 6.43302 17.826 4.21145 10.7115 7.91937
threshold=0.26115000247955328 -6.0925998687744132 -4.4102001190185538 -0.97335001826286305 3.5000000000000004 -2.3982499837875362
decision_type=10 2 2 2 2 2
left_child=1 -1 -3 5 -5 -2
right_child=3 2 -4 4 -6 -7
leaf_value=0.01388544339694609 0 -0.025834925752572846 0.0028572686945495568 -0.010101382535016298 0.010277261990355504 -0.025245434298406547
leaf_weight=36.541006848216057 20.897634893655777 20.135487794876099 243.03877879679203 70.718907997012138 32.288152739405632 26.760598719120026
leaf_count=147 84 81 978 285 130 108
internal_value=0 0.00223641 0.00045898 -0.00724852 -0.00338774 -0.0147354
internal_weight=0 299.715 263.174 150.665 103.007 47.6582
internal_count=1813 1206 1059 607 415 192
is_linear=0
shrinkage=0.03


Tree=41
num_leaves=5
num_cat=0
split_feature=6 12 12 12
split_gain=9.14428 10.4724 12.0228 10.6801
threshold=0.20449999719858172 -6.0925998687744132 -4.4102001190185538 -8.4084501266479474
decision_type=10 2 2 2
left_child=-1 3 -3 -2
right_child=1 2 -4 -5
leaf_value=0.016169440014097061 -0.0058224632293348219 -0.023569508252719081 -0.002297534163471344 0.019655044889511409
leaf_weight=25.371212095022202 21.627874210476875 25.336407616734505 341.8781766295433 36.054095789790154
leaf_count=103 87 102 1376 145
internal_value=0 -0.00197691 -0.00390672 0.00965458
internal_weight=0 424.897 367.215 57.682
internal_count=1813 1710 1478 232
is_linear=0
shrinkage=0.03


Tree=42
num_leaves=5
num_cat=0
split_feature=6 29 23 30
split_gain=8.63882 7.78377 10.0191 7.7076
threshold=0.20449999719858172 -2.9584000110626216 -2.4843499660491939 0.60115000605583202
decision_type=10 2 2 2
left_child=-1 2 -2 -3
right_child=1 3 -4 -5
leaf_value=0.015729012860980999 -0.0043637376653436104 -0.017793196937328486 0.01299702416542689 -0.0026086741279803061
leaf_weight=25.327842891216278 53.897343665361404 34.299688950181007 60.714181169867516 275.92772105336189
leaf_count=103 217 138 244 1111
internal_value=0 -0.00192083 0.00460631 -0.00443569
internal_weight=0 424.839 114.612 310.227
internal_count=1813 1710 461 1249
is_linear=0
shrinkage=0.03


Tree=43
num_leaves=5
num_cat=0
split_feature=6 26 7 16
split_gain=8.16199 5.53666 6.67049 5.38048
threshold=0.20449999719858172 -1.2196499705314634 0.34230001270771032 0.008104000240564348
decision_type=10 8 10 10
left_child=-1 2 -2 -3
right_child=1 3 -4 -5
leaf_value=0.015301742298710645 -0.013025153062590616 -0.0072308851464449094 0.0032144369568814107 0.0082730251966209034
leaf_weight=25.282632485032082 24.301190495491028 180.77383400499821 199.62195530533791 20.076315581798553
leaf_count=103 98 728 803 81
internal_value=0 -0.00186645 0.00126859 -0.00549923
internal_weight=0 424.773 223.923 200.85
internal_count=1813 1710 901 809
is_linear=0
shrinkage=0.03


Tree=44
num_leaves=7
num_cat=0
split_feature=11 16 11 10 23 5
split_gain=6.34267 12.0364 10.594 10.4876 5.85138 3.54754
threshold=-0.10665000230073927 0.0049494998529553422 -0.36939999461174006 -7.636000156402587 0.77630001306533825 1.0864999890327456
decision_type=2 10 2 10 2 10
left_child=2 4 3 -1 -2 -3
right_child=1 5 -4 -5 -6 -7
leaf_value=-0.012594009909989013 0.0038729317190508089 0.023228870418453479 -0.023699616385709797 0.002082416009583571 -0.0072231157230213203 0.0042712400659029861
leaf_weight=59.608806639909744 96.587041392922401 27.286771401762962 22.065252602100372 150.23859943449497 73.850347489118576 20.303742408752441
leaf_count=240 389 110 89 605 298 82
internal_value=0 0.0028095 -0.004272 -0.00198421 -0.000774071 0.0160127
internal_weight=0 218.028 231.913 209.847 170.437 47.5905
internal_count=1813 879 934 845 687 192
is_linear=0
shrinkage=0.03


Tree=45
num_leaves=6
num_cat=0
split_feature=1 23 28 7 27
split_gain=8.54914 6.30566 6.11165 5.94229 5.68231
threshold=0.98100000619888317 1.0418999791145327 5.995349884033204 0.31454999744892126 0.79410001635551464
decision_type=2 2 8 10 10
left_child=2 4 3 -1 -2
right_child=1 -3 -4 -5 -6
leaf_value=0.014549507932857286 0.0026593019589525898 -0.0053973587436038613 -0.017366974446868248 -0.0018963581359016277 0.018409993244122833
leaf_weight=20.062124937772751 45.467453554272652 23.273317575454712 20.556747317314148 284.65726880729198 47.522292077541351
leaf_count=81 183 94 83 1147 191
internal_value=0 0.00755442 -0.00186848 -0.000671416 0.0111381
internal_weight=0 116.263 325.276 304.719 92.9897
internal_count=1779 468 1311 1228 374
is_linear=0
shrinkage=0.03


Tree=46
num_leaves=8
num_cat=0
split_feature=12 10 31 12 26 10 10
split_gain=7.48221 10.3462 10.8735 9.23139 8.34865 22.2218 5.22423
threshold=0.89749997854232799 -6.3766999244689933 2.5000000000000004 -4.9847500324249259 -1.9462999701499937 0.89304998517036449 -1.1250999569892881
decision_type=2 10 2 2 10 10 10
left_child=1 3 -3 -1 6 -6 -2
right_child=4 2 -4 -5 5 -7 -8
leaf_value=0.0046434106380914952 0.017072854741008725 0.010190035654529823 -0.011719270903979182 -0.01332978621254856 -0.028577285701256411 0 -0.0029414858646486909
leaf_weight=47.958302974700928 20.150127246975899 169.39608699083328 21.091043189167976 49.933434098958969 34.868127003312111 76.740319311618805 21.353077471256256
leaf_count=193 81 682 85 201 141 310 86
internal_value=0 0.00344135 0.007559 -0.00426323 -0.00472126 -0.00908407 0.00624287
internal_weight=0 288.379 190.487 97.8917 153.112 111.608 41.5032
internal_count=1779 1161 767 394 618 451 167
is_linear=0
shrinkage=0.03


Tree=47
num_leaves=8
num_cat=0
split_feature=1 16 10 12 16 12 9
split_gain=8.031 9.47735 6.84466 8.73836 8.22053 4.62266 2.81874
threshold=0.98100000619888317 0.0031324999872595076 -6.3766999244689933 -5.9426498413085929 -0.0025054999860003586 0.14579999819397929 -1.7485499978065489
decision_type=2 10 10 2 10 2 10
left_child=2 5 3 -1 -4 -2 -3
right_child=1 6 4 -5 -6 -7 -8
leaf_value=0.0045182247530191691 0.019762573848789374 0.0044141008237489517 -0.01089305770490665 -0.017933456811277341 0.0028600078680165539 0.0022034506786892455 -0.0098364699875211226
leaf_weight=20.3919468075037 46.176810562610626 19.909648939967155 46.698708862066269 44.604491233825684 213.45596981048584 25.090294942259789 25.035699039697647
leaf_count=82 186 80 188 180 861 101 101
internal_value=0 0.00730316 -0.00183176 -0.0104732 0.00024415 0.0141119 -0.0029122
internal_weight=0 116.212 325.151 64.9964 260.155 71.2671 44.9453
internal_count=1779 468 1311 262 1049 287 181
is_linear=0
shrinkage=0.03


Tree=48
num_leaves=8
num_cat=0
split_feature=12 10 12 26 10 23 10
split_gain=6.87336 9.5092 8.29619 7.8855 20.9962 7.22006 4.98513
threshold=0.89749997854232799 -6.3766999244689933 -4.9067499637603751 -1.9462999701499937 0.96889999508857738 0.73984998464584362 -1.1250999569892881
decision_type=2 10 2 10 10 2 10
left_child=1 2 -1 6 -5 -3 -2
right_child=3 5 -4 4 -6 -7 -8
leaf_value=0.0038318749052765628 0.016693647072749118 0.010558388266969856 -0.013204774673680869 -0.027482328183687853 0 -0.0025646881678663015 -0.0028358930900321297
leaf_weight=50.851213589310646 20.144306138157845 144.49061079323292 46.953370124101639 35.513545095920563 75.995902955532074 45.956037655472755 21.35310272872448
leaf_count=205 81 582 189 144 307 185 86
internal_value=0 0.00328847 -0.0040942 -0.00453689 -0.00878412 0.00723815 0.00610824
internal_weight=0 288.251 97.8046 153.007 111.509 190.447 41.4974
internal_count=1779 1161 394 618 451 767 167
is_linear=0
shrinkage=0.03


Tree=49
num_leaves=7
num_cat=0
split_feature=12 16 16 24 12 22
split_gain=6.46534 16.8874 14.5879 14.3963 12.2818 6.12536
threshold=0.89749997854232799 0.0066400000359863052 0.0034079999895766382 286.50035095214849 -1.4469999670982359 -0.071600001305341707
decision_type=2 10 8 2 2 2
left_child=2 5 3 -1 -4 -2
right_child=1 -3 4 -5 -6 -7
leaf_value=0.013728316790845898 -0.0010256069456851459 0.020172413158488552 -0.010909782327190708 -0.0084153679508614243 0.0083142363770870985 -0.01448634466476709
leaf_weight=129.18278490006924 62.114311397075653 20.096136674284935 84.980744764208794 30.648524641990662 43.368649184703827 70.693045228719711
leaf_count=520 250 81 343 123 175 287
internal_value=0 -0.00440367 0.00318734 0.00926969 -0.00416809 -0.00846964
internal_weight=0 152.903 288.181 159.831 128.349 132.807
internal_count=1779 618 1161 643 518 537
is_linear=0
shrinkage=0.03


Tree=50
num_leaves=5
num_cat=0
split_feature=31 4 4 4
split_gain=8.40758 7.85141 7.76474 3.09771
threshold=2.5000000000000004 4.2609000205993661 39.568401336669929 26.415100097656254
decision_type=2 2 2 2
left_child=1 -1 -3 -2
right_child=3 2 -4 -5
leaf_value=-0.0089741315553584066 -0.016741224126183032 0.0079284204716232876 -0.0012761421296005784 0
leaf_weight=38.407729730010033 25.006406888365746 247.41883091628551 115.40228864550591 21.804353207349777
leaf_count=155 101 998 466 88
internal_value=0 0.00349894 0.00492281 -0.0097025
internal_weight=0 401.229 362.821 46.8108
internal_count=1808 1619 1464 189
is_linear=0
shrinkage=0.03


Tree=51
num_leaves=6
num_cat=0
split_feature=21 11 5 11 6
split_gain=8.24642 17.7637 12.0687 9.42504 8.3799
threshold=-0.36085000634193415 -2.2826499938964839 1.8059999942779543 -3.9740999937057491 0.2323499992489815
decision_type=2 2 10 2 10
left_child=1 -1 -3 -2 -5
right_child=3 2 -4 4 -6
leaf_value=-0.010184739545752853 0.018424251892805468 0.022519226816873079 0 0.011797399519962263 -0.0037625319674858045
leaf_weight=31.247808545827866 20.905470311641693 63.264142453670502 28.556437984108925 33.590518668293953 270.46934582293034
leaf_count=126 84 255 115 137 1091
internal_value=0 0.00855731 0.0152997 -0.00045938 -0.00191219
internal_weight=0 123.068 91.8206 324.965 304.06
internal_count=1808 496 370 1312 1228
is_linear=0
shrinkage=0.03


Tree=52
num_leaves=7
num_cat=0
split_feature=22 1 29 14 0 0
split_gain=7.03445 7.71562 11.6572 11.2719 4.95043 2.60318
threshold=0.71149998903274547 0.60400000214576732 -0.60690000653266896 16.500000000000004 0.30615000426769262 -0.029600000008940693
decision_type=2 2 2 2 2 2
left_child=1 2 -1 -3 5 -2
right_child=4 3 -4 -5 -6 -7
leaf_value=-0.0042316599782793955 -0.0061205597204410777 0.0032841231263920569 0.016070596214843087 0.020256792797384505 -0.014925842497576057 0.0079305891976976274
leaf_weight=149.30215561389923 24.947816774249077 142.25123481452465 29.491436794400215 48.965076118707657 32.147091716527939 20.795737728476524
leaf_count=602 101 573 120 198 130 84
internal_value=0 0.00368339 -0.000645251 0.00786919 -0.00609338 0
internal_weight=0 370.01 178.794 191.216 77.8906 45.7436
internal_count=1808 1493 722 771 315 185
is_linear=0
shrinkage=0.03


Tree=53
num_leaves=5
num_cat=0
split_feature=30 31 3 25
split_gain=9.97077 8.70678 6.41831 6.26913
threshold=4.0112500190734872 2.5000000000000004 19.421750068664554 216.22800445556643
decision_type=2 2 2 2
left_child=1 3 -2 -1
right_child=2 -3 -4 -5
leaf_value=0.0028105606649349016 -0.023690977044194775 -0.0099181847464601368 0 0.013009722136036283
leaf_weight=296.08411884307861 19.702484309673309 37.618734315037727 24.440302908420563 69.909487888216972
leaf_count=1195 80 152 99 282
internal_value=0 0.00339697 -0.0113769 0.00487062
internal_weight=0 403.612 44.1428 365.994
internal_count=1808 1629 179 1477
is_linear=0
shrinkage=0.03


Tree=54
num_leaves=6
num_cat=0
split_feature=12 11 29 28 12
split_gain=8.10029 11.2815 8.82743 5.4471 4.88476
threshold=-6.1726498603820792 -2.2826499938964839 -2.1665500402450557 2.6607000827789311 -8.5753502845764142
decision_type=2 2 2 10 2
left_child=4 3 -3 -2 -1
right_child=1 2 -4 -5 -6
leaf_value=0 0 0.0093810392019711957 -0.00085922751574562032 -0.019099421954186353 0.019569528501078022
leaf_weight=19.870796129107475 19.908775597810745 108.65855710208416 230.8820386826992 35.180423185229301 33.225144922733307
leaf_count=80 80 438 934 142 134
internal_value=0 0.000220761 0.00234765 -0.0121616 0.0126896
internal_weight=0 394.63 339.541 55.0892 53.0959
internal_count=1808 1594 1372 222 214
is_linear=0
shrinkage=0.03


Tree=55
num_leaves=6
num_cat=0
split_feature=5 23 9 16 16
split_gain=6.48839 6.94332 9.09619 5.56995 5.20922
threshold=0.50350001454353344 0.77630001306533825 -0.88629999756813038 -0.0054959999397397033 0.0077800001017749318
decision_type=10 2 10 10 10
left_child=1 2 -1 -2 -5
right_child=3 -3 -4 4 -6
leaf_value=-0.011998063148125803 -0.011824080372868176 -0.020287460273028048 0.0078366649194117274 0.0048619319613306452 -0.0058774129935247254
leaf_weight=39.724410608410835 22.122754111886024 24.107032120227814 40.439481258392334 270.96640035510063 44.580079630017281
leaf_count=160 89 98 163 1094 180
internal_value=0 -0.00639516 -0.00164934 0.00212887 0.00323614
internal_weight=0 104.271 80.1639 337.669 315.546
internal_count=1784 421 323 1363 1274
is_linear=0
shrinkage=0.03


Tree=56
num_leaves=7
num_cat=0
split_feature=7 6 23 28 7 4
split_gain=9.24197 9.84674 9.38692 7.18335 5.33057 3.06254
threshold=0.53415000438690197 0.5693500041961671 1.3176499605178835 2.3228999376297002 0.49244999885559088 31.580849647521976
decision_type=10 10 2 8 10 2
left_child=1 4 3 -2 -1 -3
right_child=2 5 -4 -5 -6 -7
leaf_value=0.0016875765014656909 -0.0010547113806660441 -0.0064600378592887383 -0.010191871894194508 0.015320846466293558 -0.0094381750163852109 -0.023510156453941236
leaf_weight=214.75248190760612 29.76591257750988 29.715751022100449 21.684192657470703 78.087238222360611 46.066691756248474 21.802913978695869
leaf_count=867 120 120 88 315 186 88
internal_value=0 -0.00269565 0.00680296 0.0105577 -0.000191448 -0.0145572
internal_weight=0 312.338 129.537 107.853 260.819 51.5187
internal_count=1784 1261 523 435 1053 208
is_linear=0
shrinkage=0.03


Tree=57
num_leaves=7
num_cat=0
split_feature=7 3 7 23 28 0
split_gain=8.68636 10.502 10.5023 8.85667 6.78939 4.56849
threshold=0.53415000438690197 36.101400375366218 0.38709999620914465 1.3176499605178835 2.3228999376297002 0.14000000059604648
decision_type=10 2 10 2 8 2
left_child=1 2 -1 4 -2 -3
right_child=3 5 -4 -5 -6 -7
leaf_value=0.0027496986493661824 -0.0010241148313641813 0.0013923690002170096 -0.011034054491015391 -0.0099092898690802608 0.014873757999079383 0.017423046242144052
leaf_weight=70.512937694787979 29.765431225299835 76.078799143433571 144.39280892908573 21.662333652377129 78.051999270915985 21.324555173516273
leaf_count=285 120 307 583 88 315 86
internal_value=0 -0.00262153 -0.00638072 0.00658896 0.01024 0.00534823
internal_weight=0 312.309 214.906 129.48 107.817 97.4034
internal_count=1784 1261 868 523 435 393
is_linear=0
shrinkage=0.03


Tree=58
num_leaves=4
num_cat=0
split_feature=8 27 27
split_gain=7.11647 5.20587 8.50531
threshold=-1.8425500392913816 -0.076199997216463075 0.73080000281333934
decision_type=10 10 10
left_child=-1 -2 -3
right_child=1 2 -4
leaf_value=0.016582570407198745 -0.014481531027668245 0.0068084495248962856 -0.0027982563829951237
leaf_weight=21.341530963778496 22.58806400001049 116.44709241390228 281.30544759333134
leaf_count=87 91 470 1136
internal_value=0 -0.000787775 0
internal_weight=0 420.341 397.753
internal_count=1784 1697 1606
is_linear=0
shrinkage=0.03


Tree=59
num_leaves=8
num_cat=0
split_feature=7 7 22 22 16 5 7
split_gain=8.16013 8.13213 7.61148 5.54723 5.32854 4.80461 2.96807
threshold=0.53415000438690197 0.49244999885559088 -0.36439999938011164 -0.8029000163078307 0.00148599996464327 0.71150001883506786 0.68729999661445629
decision_type=10 10 2 2 10 10 10
left_child=1 3 6 -1 -3 -4 -2
right_child=2 4 5 -5 -6 -7 -8
leaf_value=-0.0086259633519692111 0.020583389261062054 -0.022752764743956475 -0.0082465757929360162 0.0024586329318912604 -0.0044252776333126298 0.0067679065263069995 0.0036119738419792533
leaf_weight=50.547162055969238 33.39213815331459 24.497911125421524 32.864865347743034 190.40618555247784 46.76094725728035 43.125112608075142 20.005931183695793
leaf_count=204 135 99 133 769 189 174 81
internal_value=0 -0.00253997 0.00638974 0 -0.0113689 0 0.0149597
internal_weight=0 312.212 129.388 240.953 71.2589 75.99 53.3981
internal_count=1784 1261 523 973 288 307 216
is_linear=0
shrinkage=0.03


Tree=60
num_leaves=8
num_cat=0
split_feature=9 9 11 30 11 6 30
split_gain=7.90586 6.05087 9.98818 5.52343 6.44754 5.18582 3.51719
threshold=0.71179997920990001 1.3081499934196474 3.0485000610351567 0.74109998345375072 0.078850001096725478 0.52410000562667858 1.7912499904632571
decision_type=8 10 2 2 2 10 2
left_child=3 6 -3 5 -5 -1 -2
right_child=1 2 -4 4 -6 -7 -8
leaf_value=-0.0069082960537467635 -0.0050021209921174347 0.0026948099456677124 -0.020317524286657087 0.0016975732510184987 0.014139420929929198 0.0095014948506584231 -0.024444576097375159
leaf_weight=79.191590204834938 22.203849866986275 80.497099608182907 20.108903080224991 143.99087989330292 53.614812105894089 19.96909499168396 21.2303247153759
leaf_count=320 90 325 82 581 217 81 86
internal_value=0 -0.0061965 -0.00176428 0.00232936 0.00527857 -0.00324229 -0.0155169
internal_weight=0 144.04 100.606 296.766 197.606 99.1607 43.4342
internal_count=1782 583 407 1199 798 401 176
is_linear=0
shrinkage=0.03


Tree=61
num_leaves=6
num_cat=0
split_feature=12 12 12 16 24
split_gain=6.32009 9.39327 6.95113 15.608 14.5849
threshold=-6.1726498603820792 -8.5753502845764142 -3.5178499221801753 0.0073740000370889911 -88.274749755859361
decision_type=2 2 2 10 2
left_child=1 -1 4 -4 -2
right_child=2 -3 3 -5 -6
leaf_value=-0.005913612278785875 0 0.018927553314951322 -0.0025246730666295242 0.017282516143711617 -0.030120709817565691
leaf_weight=19.809056475758553 36.173527747392654 33.171704411506653 290.00769206881523 39.819988429546356 21.727817207574844
leaf_count=80 146 134 1173 161 88
internal_value=0 0.00914641 -0.00178426 0 -0.0112793
internal_weight=0 52.9808 387.729 329.828 57.9013
internal_count=1782 214 1568 1334 234
is_linear=0
shrinkage=0.03


Tree=62
num_leaves=8
num_cat=0
split_feature=9 7 7 6 9 5 30
split_gain=7.33356 8.24594 8.86817 6.60135 5.69529 4.17166 3.29229
threshold=0.71179997920990001 0.53315001726150524 0.68590000271797191 0.55709999799728405 1.3081499934196474 0.73749998211860668 1.7912499904632571
decision_type=8 10 10 10 10 10 2
left_child=1 3 -3 -1 6 -6 -2
right_child=4 2 -4 -5 5 -7 -8
leaf_value=0.0014885941804532099 -0.004788193485202096 0.016877311505407177 -0.0028454319269641875 -0.012319708572122333 -0.0086101873921838826 0.0033990733709905975 -0.023671386730953297
leaf_weight=175.4846418350935 22.203448012471199 57.082832977175713 27.699352771043777 36.44813072681427 44.500244557857513 56.034838780760765 21.18805930018425
leaf_count=709 90 231 112 147 181 226 86
internal_value=0 0.00225042 0.0101259 -0.000791968 -0.00596319 -0.00165362 -0.0150102
internal_weight=0 296.715 84.7822 211.933 143.927 100.535 43.3915
internal_count=1782 1199 343 856 583 407 176
is_linear=0
shrinkage=0.03


Tree=63
num_leaves=8
num_cat=0
split_feature=1 28 28 7 14 27 30
split_gain=6.73578 7.43094 10.6678 7.8703 6.31084 8.60324 5.1962
threshold=0.64699998497962963 2.3035500049591069 2.9556000232696538 0.32154999673366552 17.500000000000004 0.74149999022483837 0.74109998345375072
decision_type=2 8 10 10 2 10 2
left_child=1 3 -3 -1 6 -6 -2
right_child=4 2 -4 -5 5 -7 -8
leaf_value=0.016826124840710211 -0.0087301862986057313 -0.022755717630961205 -0.0021402845125890325 -0.002715729450829069 0.027448126463288338 0.00083530655799929669 0.0033885130214594984
leaf_weight=21.821169465780258 40.409717842936516 37.036353424191475 65.566949248313904 94.033412292599678 19.850501149892807 28.346621304750443 133.4733529239893
leaf_count=89 163 150 265 380 81 115 539
internal_value=0 -0.0041562 -0.0100191 0.000820736 0.00323189 0.012741 0.000366817
internal_weight=0 218.458 102.603 115.855 222.08 48.1971 173.883
internal_count=1782 884 415 469 898 196 702
is_linear=0
shrinkage=0.03


Tree=64
num_leaves=8
num_cat=0
split_feature=9 10 7 7 10 1 9
split_gain=6.87854 10.5325 7.71361 8.36001 7.77941 5.82213 2.61675
threshold=0.71179997920990001 -2.2048500776290889 0.53315001726150524 0.68590000271797191 -7.0699000358581534 0.67315000295639049 1.1090999841690066
decision_type=8 10 10 10 10 2 10
left_child=2 5 4 -4 -1 -2 -3
right_child=1 6 3 -5 -6 -7 -8
leaf_value=-0.013636116708381673 -0.028086092432963564 -0.0097709638665762419 0.016370041569468394 -0.0027605242108470858 0.001661836215228505 -0.0042916003678222861 0.0021555234429600071
leaf_weight=34.653896436095238 23.253694921731949 19.746558919548988 57.026727631688118 27.696167036890984 177.2083941847086 21.243095919489861 79.572278097271919
leaf_count=140 95 80 231 112 716 86 322
internal_value=0 -0.00577071 0.00218645 0.00980699 -0.000751789 -0.0177298 0
internal_weight=0 143.816 296.585 84.7229 211.862 44.4968 99.3188
internal_count=1782 583 1199 343 856 181 402
is_linear=0
shrinkage=0.03


Tree=65
num_leaves=5
num_cat=0
split_feature=28 28 27 3
split_gain=4.77362 4.35576 7.32826 5.42052
threshold=1.0188499689102175 2.9556000232696538 2.6551001071929936 37.323749542236335
decision_type=8 10 10 2
left_child=-1 3 -3 -2
right_child=1 2 -4 -5
leaf_value=0.011735837144674103 -0.0075895204003937657 0.0057425852308496629 -0.0064522459731608866 0.0023309219332399937
leaf_weight=23.712476566433907 160.56786288321018 127.61603897809982 65.307709082961082 65.190956696867943
leaf_count=97 649 516 265 263
internal_value=0 -0.00174223 0.00144776 -0.00459491
internal_weight=0 418.683 192.924 225.759
internal_count=1790 1693 781 912
is_linear=0
shrinkage=0.03


Tree=66
num_leaves=8
num_cat=0
split_feature=3 23 10 29 7 4 1
split_gain=4.5606 11.1563 9.13243 8.77807 6.56247 5.24553 4.33347
threshold=18.509449958801273 0.66645002365112316 1.5401999950408938 -0.77409997582435597 0.53169998526573192 4.0070000886917123 0.67315000295639049
decision_type=2 2 10 2 10 2 2
left_child=2 5 4 -3 -1 -2 -4
right_child=1 3 6 -5 -6 -7 -8
leaf_value=-0.013532432308914879 -0.0073209302122647724 -0.018877380559026269 0.013743063848104852 0.00078920982105986769 0 0.0075885376374549424 -0.0029842764292533118
leaf_weight=87.165689796209335 21.581895262002945 34.493956595659256 28.100505009293556 41.536434918642044 45.157564893364906 162.54974126815796 21.690628200769424
leaf_count=353 87 140 114 168 183 657 88
internal_value=0 0.0015673 -0.0045664 -0.00787303 -0.00876358 0.00564886 0.00595015
internal_weight=0 260.162 182.114 76.0304 132.323 184.132 49.7911
internal_count=1790 1052 738 308 536 744 202
is_linear=0
shrinkage=0.03


Tree=67
num_leaves=7
num_cat=0
split_feature=16 28 28 4 28 6
split_gain=5.0646 7.33223 9.17044 8.42365 7.21303 7.12667
threshold=0.0034469999372959141 1.5673999786376955 3.3291500806808476 27.691599845886234 6.412799835205079 0.48315000534057623
decision_type=8 10 10 2 8 10
left_child=4 3 -3 -2 5 -1
right_child=1 2 -4 -5 -6 -7
leaf_value=-0.00031310425842146053 0.019905291625628287 -0.014700043679535212 0 -0.0059696009385449781 -0.013929011359480463 0.010376642697201555
leaf_weight=147.79110705852509 19.980911880731583 79.466410264372826 66.699196964502335 21.338585138320923 22.149734556674957 84.707519143819809
leaf_count=597 81 322 270 87 90 343
internal_value=0 -0.00464316 -0.00787851 0.00600855 0.00180058 0.00348083
internal_weight=0 187.485 146.166 41.3195 254.648 232.499
internal_count=1790 760 592 168 1030 940
is_linear=0
shrinkage=0.03


Tree=68
num_leaves=7
num_cat=0
split_feature=15 4 16 12 28 6
split_gain=6.34326 7.45131 5.39521 16.191 7.39571 4.59281
threshold=4.5000000000000009 41.141201019287116 0.003741000080481172 -3.4796999692916866 1.9269000291824343 0.2608999907970429
decision_type=2 2 8 2 10 10
left_child=2 5 4 -4 -1 -2
right_child=1 -3 3 -5 -6 -7
leaf_value=-0.01098063119857532 0 -0.0070944283626547724 -0.023345162813539582 -0.0004158944031978502 0.0029951797752226271 0.017087755243239897
leaf_weight=41.397327125072479 24.712068498134613 25.037643194198608 39.497752815485001 96.877037346363068 171.34301629662514 43.1481112241745
leaf_count=167 101 102 160 392 693 175
internal_value=0 0.00598341 -0.00275762 -0.00739679 9.66074e-05 0.0112772
internal_weight=0 92.8978 349.115 136.375 212.74 67.8602
internal_count=1790 378 1412 552 860 276
is_linear=0
shrinkage=0.03


Tree=69
num_leaves=7
num_cat=0
split_feature=15 4 10 26 6 30
split_gain=5.97967 7.04336 6.28847 9.52956 5.77809 4.3379
threshold=4.5000000000000009 41.141201019287116 -8.8012499809265119 -4.1360499858856192 0.30699999630451208 1.031750023365021
decision_type=2 2 10 8 10 2
left_child=2 5 3 -1 -4 -2
right_child=1 -3 4 -5 -6 -7
leaf_value=0.0016505299709484457 0.00037670183796139597 -0.0068887915752872475 -0.010130333695308297 -0.022338501775211822 0.00097574006297561236 0.017043628085747869
leaf_weight=22.980271488428116 26.959007665514946 25.041282027959824 49.291549175977707 32.049064636230469 244.72361446917057 40.886818796396255
leaf_count=93 110 102 199 130 990 166
internal_value=0 0.0058053 -0.00268079 -0.0119346 -0.000812527 0.0109583
internal_weight=0 92.8871 349.044 55.0293 294.015 67.8458
internal_count=1790 378 1412 223 1189 276
is_linear=0
shrinkage=0.03


Tree=70
num_leaves=7
num_cat=0
split_feature=32 30 4 15 27 9
split_gain=6.24695 8.84907 10.895 7.87546 9.50775 7.89465
threshold=1.5000000000000002 2.7628500461578374 35.605548858642585 1.0000000180025095e-35 2.0363999605178837 2.8548500537872319
decision_type=2 2 2 2 10 10
left_child=3 2 -2 4 -1 -5
right_child=1 -3 -4 5 -6 -7
leaf_value=0.018166554997301958 0.016689711900856916 -0.0092695140904529797 -0.0024757365694242184 -0.0066240861470479055 -0.0066278118609744783 0.012324054475723517
leaf_weight=31.18984492123127 65.488482311367989 27.6597970277071 40.141718029975891 230.7739482820034 21.550186440348625 19.721763432025909
leaf_count=126 266 113 163 933 87 80
internal_value=0 0.00507972 0.00917017 -0.00267751 0.00754224 -0.00496992
internal_weight=0 133.29 105.63 303.236 52.74 250.496
internal_count=1768 542 429 1226 213 1013
is_linear=0
shrinkage=0.03


Tree=71
num_leaves=5
num_cat=0
split_feature=12 7 7 12
split_gain=7.80178 8.66816 8.86162 2.99059
threshold=-5.9426498413085929 0.72240000963211071 0.59610000252723705 -8.4084501266479474
decision_type=2 8 10 2
left_child=3 2 -2 -1
right_child=1 -3 -4 -5
leaf_value=0 -0.0022394022997620096 -0.019618675744556936 0.013038284931884591 0.015979310926645202
leaf_weight=20.515233308076859 324.42426197230816 22.170234262943268 36.987219303846359 32.306648567318916
leaf_count=83 1314 90 150 131
internal_value=0 -0.00178905 -0.000561427 0.0103925
internal_weight=0 383.582 361.411 52.8219
internal_count=1768 1554 1464 214
is_linear=0
shrinkage=0.03


Tree=72
num_leaves=8
num_cat=0
split_feature=14 15 24 15 27 11 4
split_gain=7.09635 9.02359 8.49368 6.46973 8.04703 5.63967 2.41343
threshold=17.500000000000004 2.5000000000000004 41.981599807739265 1.0000000180025095e-35 1.1935999989509585 -3.9740999937057491 24.763350486755375
decision_type=2 2 2 2 10 2 2
left_child=3 2 -2 4 -1 -5 -3
right_child=1 6 -4 5 -6 -7 -8
leaf_value=0.019882170679892563 0.010102073261104773 0.022356445619820798 -0.015283988366120379 0.010142572264205632 -0.0018506524961303457 -0.0055987167270297586 0.0070844565975754841
leaf_weight=23.22879558801651 21.013271033763885 24.979732155799866 23.512937903404236 20.086338356137276 35.655348584055901 258.69210831820965 29.185225293040276
leaf_count=94 85 102 96 81 144 1047 119
internal_value=0 0.00674468 -0.00268583 -0.00235098 0.00641046 -0.00432511 0.014949
internal_weight=0 98.6912 44.5262 337.663 58.8841 278.778 54.165
internal_count=1768 402 181 1366 238 1128 221
is_linear=0
shrinkage=0.03


Tree=73
num_leaves=7
num_cat=0
split_feature=24 24 9 15 8 3
split_gain=4.72568 10.2477 8.49686 9.88977 5.19518 3.14906
threshold=-425.39724731445307 -588.43109130859364 -0.97885000705718983 1.5000000000000002 0.32510000467300421 30.096650123596195
decision_type=2 2 10 2 10 2
left_child=1 5 3 -2 -4 -1
right_child=2 -3 4 -5 -6 -7
leaf_value=-0.0062307068800041016 0.0044693704392428698 0.020548645472517522 0.0039838777324519943 -0.017562560888059381 -0.0045193960985374735 0.007551234613529593
leaf_weight=38.577388197183609 24.032255575060844 28.077595382928848 165.30867683887482 54.56960891187191 103.38294050097466 22.237750172615051
leaf_count=156 97 114 670 221 420 90
internal_value=0 0.00585569 -0.00184689 -0.010478 0.000596257 -0.000665232
internal_weight=0 88.8927 347.293 78.6019 268.692 60.8151
internal_count=1768 360 1408 318 1090 246
is_linear=0
shrinkage=0.03


Tree=74
num_leaves=7
num_cat=0
split_feature=16 16 26 11 11 16
split_gain=4.62985 11.36 11.0313 9.52715 7.63965 5.42271
threshold=0.0028750000055879359 0.0024530000519007449 -4.051450014114379 0.43680000305175787 -1.1901999711990354 0.006114999996498228
decision_type=8 10 8 2 2 10
left_child=1 2 -1 4 -2 -5
right_child=3 -3 -4 5 -6 -7
leaf_value=0.019195696383575912 -0.00045765801909340741 0.020152530341941352 -0.0023428146946036458 -0.00073726605247147051 -0.015196376397814787 0.016276046253054233
leaf_weight=23.159525111317635 66.336183905601501 28.034137755632401 185.92332324385643 39.277729973196983 68.430703952908516 24.955089390277863
leaf_count=95 269 113 752 160 278 101
internal_value=0 0.00256573 0 -0.00361581 -0.00821932 0.00556086
internal_weight=0 237.117 209.083 199 134.767 64.2328
internal_count=1768 960 847 808 547 261
is_linear=0
shrinkage=0.03


Tree=75
num_leaves=5
num_cat=0
split_feature=7 12 25 14
split_gain=7.52155 7.15423 9.18321 7.21802
threshold=0.31209999322891241 -5.9426498413085929 -61.988649368286126 11.500000000000002
decision_type=10 2 2 2
left_child=-1 3 -3 -2
right_child=1 2 -4 -5
leaf_value=0.013041824164508145 0.016046569982439213 -0.010645229401800715 -0.00087361941312912906 -0.0043373464768230053
leaf_weight=24.375909671187401 30.173761889338493 157.21108746528625 208.05780665576458 27.316815584897995
leaf_count=99 122 636 845 111
internal_value=0 -0.00358557 -0.00517879 0.00593963
internal_weight=0 422.759 365.269 57.4906
internal_count=1813 1714 1481 233
is_linear=0
shrinkage=0.03


Tree=76
num_leaves=4
num_cat=0
split_feature=7 2 3
split_gain=7.0981 5.35111 8.37484
threshold=0.31209999322891241 5.3111000061035165 21.062150001525882
decision_type=10 2 2
left_child=-1 -2 -3
right_child=1 2 -4
leaf_value=0.012667870163844764 -0.018332208740284343 -0.0072681099467207973 0.0013025157215183041
leaf_weight=24.372190922498703 20.443088114261627 186.64091396331787 215.63112835586071
leaf_count=99 83 757 874
internal_value=0 -0.00348047 -0.00260774
internal_weight=0 422.715 402.272
internal_count=1813 1714 1631
is_linear=0
shrinkage=0.03


Tree=77
num_leaves=8
num_cat=0
split_feature=25 13 16 15 16 12 29
split_gain=6.8672 9.9183 12.2336 10.9926 6.06908 6.96123 5.96127
threshold=14.632599830627443 1.0000000180025095e-35 -0.00037300000258255745 2.5000000000000004 -0.00044449999404605473 2.1539000272750859 -1.6830000281333921
decision_type=2 2 10 2 10 2 2
left_child=1 2 -1 -3 5 -2 -6
right_child=4 3 -4 -5 6 -7 -8
leaf_value=0.011167135149710874 0.0021288470345920915 -0.0016690574086670172 -0.0065634782106038896 -0.028717619896583439 0.015971332955072293 -0.018042940580702493 0.001258444529899219
leaf_weight=44.363437563180923 31.932697474956512 28.221893489360809 144.88027925789356 30.674599528312683 33.552798137068748 25.014987245202065 108.37622033059597
leaf_count=180 129 114 587 124 136 102 441
internal_value=0 -0.00577705 -0.00221244 -0.0165017 0.00160209 -0.00637261 0.00503395
internal_weight=0 248.14 189.244 58.8965 198.877 56.9477 141.929
internal_count=1813 1005 767 238 808 231 577
is_linear=0
shrinkage=0.03


Tree=78
num_leaves=7
num_cat=0
split_feature=25 11 11 25 21 12
split_gain=6.48718 17.0719 9.69435 15.9244 8.81166 8.77034
threshold=14.632599830627443 3.0485000610351567 0.43680000305175787 -190.58969879150388 -0.26774999499320978 -0.22345000505447385
decision_type=2 2 2 2 2 2
left_child=2 4 3 -1 -2 -4
right_child=1 -3 5 -5 -6 -7
leaf_value=-0.0026146445177441906 0.020717709609561513 -0.018208245950685025 0.020975570101798888 -0.021037050549506494 0.0021379206987548237 -0.0055178605070554413
leaf_weight=145.77711789309978 27.938970610499382 31.324717402458191 20.4595987200737 61.592309013009071 139.5884688347578 20.274095892906189
leaf_count=590 113 128 83 250 567 82
internal_value=0 0.00155885 -0.00561128 -0.00830509 0.00551908 0.00725409
internal_weight=0 198.852 248.103 207.369 167.527 40.7337
internal_count=1813 808 1005 840 680 165
is_linear=0
shrinkage=0.03


Tree=79
num_leaves=5
num_cat=0
split_feature=7 4 12 24
split_gain=6.71107 6.919 10.4612 5.09309
threshold=0.31209999322891241 5.7848000526428232 -5.9426498413085929 -78.90090179443358
decision_type=10 2 2 2
left_child=-1 3 -3 -2
right_child=1 2 -4 -5
leaf_value=0.012476415674719417 -0.02309707712357054 0.010791361178787545 -0.0037508396009380707 -0.0029839864346276916
leaf_weight=24.350276112556458 25.154362589120865 50.064763054251671 319.58294598758221 27.646836206316948
leaf_count=99 102 203 1297 112
internal_value=0 -0.00323762 -0.00167652 -0.0133746
internal_weight=0 422.449 369.648 52.8012
internal_count=1813 1714 1500 214
is_linear=0
shrinkage=0.03


Tree=80
num_leaves=5
num_cat=0
split_feature=11 11 12 11
split_gain=7.86191 6.19081 6.29224 5.45553
threshold=3.865900039672852 1.9106499552726748 -6.0925998687744132 2.7848500013351445
decision_type=2 2 2 2
left_child=1 2 -1 -3
right_child=-2 3 -4 -5
leaf_value=0.0088731152272357641 -0.01786535736236218 0.020631247118290976 -0.0020947618496024354 0
leaf_weight=53.938570752739906 20.23861338198185 24.181374922394753 317.56124474108219 23.762775614857674
leaf_count=219 83 98 1288 97
internal_value=0 0.00084043 -0.000402238 0.0108938
internal_weight=0 419.444 371.5 47.9442
internal_count=1785 1702 1507 195
is_linear=0
shrinkage=0.03


Tree=81
num_leaves=6
num_cat=0
split_feature=1 16 11 15 16
split_gain=8.14298 8.2992 5.40127 11.389 10.769
threshold=1.3916500210762026 0.0031324999872595076 -0.010149999987334011 3.5000000000000004 0.003510000067763031
decision_type=2 10 2 2 10
left_child=2 -2 4 -4 -1
right_child=1 -3 3 -5 -6
leaf_value=0.00081097342711751485 0.020806667777886801 -0.0016055548695366967 -0.0034906869804960865 0.011592100388818621 -0.013108419507870058
leaf_weight=110.48731145262718 30.765681982040405 23.4151251912117 120.58847738802433 69.328855633735657 85.021318331360817
leaf_count=447 125 95 490 282 346
internal_value=0 0.0107236 -0.00159502 0.00188999 -0.00512543
internal_weight=0 54.1808 385.426 189.917 195.509
internal_count=1785 220 1565 772 793
is_linear=0
shrinkage=0.03


Tree=82
num_leaves=8
num_cat=0
split_feature=16 12 10 21 17 15 12
split_gain=7.60774 9.32449 8.85523 7.9046 7.8911 10.1782 7.44006
threshold=0.003510000067763031 -2.6857999563217159 -6.6555500030517569 -0.40240000188350672 -1.0000000180025095e-35 1.5000000000000002 -3.5178499221801753
decision_type=8 2 10 2 10 2 2
left_child=1 2 -1 -3 5 -2 -6
right_child=4 3 -4 -5 6 -7 -8
leaf_value=0.00041478006863548397 -0.030973005991428406 0.011936890031485651 0.020996802065975352 -0.0037144653349379213 -0.013529684941615961 -0.0032174051686823771 0.0035359630385585999
leaf_weight=38.909394264221191 19.881726831197739 35.049870491027832 42.11717577278614 145.01345175504684 29.14194592833519 34.975534826517105 94.323758363723755
leaf_count=158 81 142 171 588 119 142 384
internal_value=0 0.00320439 0.0116045 -0.000453093 -0.00481404 -0.0141883 -0.000327397
internal_weight=0 261.09 81.0266 180.063 178.323 54.8573 123.466
internal_count=1785 1059 329 730 726 223 503
is_linear=0
shrinkage=0.03


Tree=83
num_leaves=5
num_cat=0
split_feature=1 6 12 14
split_gain=7.62695 6.55233 5.29753 1.85547
threshold=1.3916500210762026 0.2323499992489815 2.4235500097274785 14.500000000000002
decision_type=2 8 2 2
left_child=1 -1 -3 -2
right_child=3 2 -4 -5
leaf_value=0.010228157700462252 0.015762484420844703 -0.00063950058904698012 -0.0093507020255883481 0.002733726920338477
leaf_weight=36.381567791104317 28.860442370176315 263.19522373378277 85.52149261534214 25.261248514056206
leaf_count=149 117 1067 349 103
internal_value=0 -0.00154273 -0.0028823 0.0103855
internal_weight=0 385.098 348.717 54.1217
internal_count=1785 1565 1416 220
is_linear=0
shrinkage=0.03


Tree=84
num_leaves=6
num_cat=0
split_feature=5 8 6 8 23
split_gain=6.58334 11.3663 9.40556 8.29893 9.35727
threshold=1.2264999747276308 -0.89195001125335682 0.2323499992489815 -0.91625002026557911 1.1233000159263613
decision_type=10 8 8 10 2
left_child=1 -1 -3 -2 -5
right_child=3 2 -4 4 -6
leaf_value=0.012347326793923164 -0.0083261926596629177 0.013980407859012072 -0.006623904025901451 0.013951337287844135 -0.0058163762960357305
leaf_weight=37.996558174490929 28.797872617840767 19.971960261464119 241.00600183010101 85.735850796103477 25.593789428472519
leaf_count=155 117 82 979 348 104
internal_value=0 -0.0025613 -0.00488525 0.0052952 0.0091285
internal_weight=0 298.975 260.978 140.128 111.33
internal_count=1785 1216 1061 569 452
is_linear=0
shrinkage=0.03


Tree=85
num_leaves=7
num_cat=0
split_feature=23 6 6 25 25 21
split_gain=4.84764 7.62752 11.3191 7.18459 7.85053 7.64218
threshold=1.0771500468254092 0.38425000011920935 0.49015000462532049 14.632599830627443 -221.9314041137695 -0.29694999754428858
decision_type=2 10 10 2 2 2
left_child=3 -2 -3 4 -1 -5
right_child=1 2 -4 5 -6 -7
leaf_value=0.003683461052087526 0.0092591536388626199 -0.027456831705126045 -0.00036836286617372005 0.019755417997534792 -0.0071569784910703454 0.0027812204044937588
leaf_weight=144.27708084881306 19.787891954183578 22.953735187649727 38.668324336409569 35.724351331591606 100.5278645157814 85.287912830710411
leaf_count=585 80 94 159 145 408 347
internal_value=0 -0.00582245 -0.011215 0.00219177 -0.000657067 0.00815894
internal_weight=0 81.41 61.6221 365.817 244.805 121.012
internal_count=1818 333 253 1485 993 492
is_linear=0
shrinkage=0.03


Tree=86
num_leaves=5
num_cat=0
split_feature=4 3 2 26
split_gain=6.18598 3.78098 7.26049 5.74351
threshold=3.1948499679565434 36.507101058959968 21.860300064086918 -4.3815999031066886
decision_type=2 2 2 8
left_child=-1 3 -3 -2
right_child=1 2 -4 -5
leaf_value=-0.010537734977305254 0.012070142323340916 -0.00094030728532355464 0.013491398449856286 -0.0014943878381414399
leaf_weight=38.869943842291832 30.468955755233765 56.449986502528191 60.577823027968407 260.73325537145138
leaf_count=158 124 229 246 1061
internal_value=0 0.00179717 0.0063269 0
internal_weight=0 408.23 117.028 291.202
internal_count=1818 1660 475 1185
is_linear=0
shrinkage=0.03


Tree=87
num_leaves=7
num_cat=0
split_feature=12 12 7 6 7 12
split_gain=4.56208 13.824 7.15467 7.12923 6.93499 3.13915
threshold=0.89749997854232799 1.6276000142097475 0.41919998824596411 0.69475001096725475 0.52924999594688427 -5.1003999710082999
decision_type=2 2 10 10 10 2
left_child=3 -2 -3 4 -1 -5
right_child=1 2 -4 5 -6 -7
leaf_value=0.0013071959867584615 -0.025232090476630904 0.0088234967151648649 -0.0049704195947482136 0 0.012413123968518078 -0.016633293273626466
leaf_weight=166.64096511900425 21.310177341103554 52.868514209985733 89.884888961911201 19.803844958543777 76.89333014190197 19.627720013260841
leaf_count=676 87 215 367 81 312 80
internal_value=0 -0.00326759 0 0.00297464 0.00497288 -0.00844246
internal_weight=0 164.064 142.753 282.966 243.534 39.4316
internal_count=1818 669 582 1149 988 161
is_linear=0
shrinkage=0.03


Tree=88
num_leaves=7
num_cat=0
split_feature=12 16 28 28 16 2
split_gain=4.30007 13.5785 11.9682 8.99231 12.1691 3.245
threshold=0.89749997854232799 0.0067939998116344222 1.9269000291824343 1.7241500020027163 0.0083335000090301054 44.244350433349616
decision_type=2 10 10 8 10 2
left_child=3 2 -2 5 -5 -1
right_child=1 -3 -4 4 -6 -7
leaf_value=0.020599876181365429 -0.018291852338667432 0.018351311772701929 0 0.0028586199322702907 -0.017877265143793637 0.0040920292757474636
leaf_weight=29.459888309240341 50.372103184461594 21.170932203531265 92.453965529799461 199.45347237586975 28.149907007813454 25.869126513600349
leaf_count=120 205 86 378 809 115 105
internal_value=0 -0.00317489 -0.00667969 0.00288561 9.57977e-05 0.0136239
internal_weight=0 163.997 142.826 282.932 227.603 55.329
internal_count=1818 669 583 1149 924 225
is_linear=0
shrinkage=0.03


Tree=89
num_leaves=7
num_cat=0
split_feature=23 16 25 12 25 26
split_gain=4.60291 8.48375 6.76614 8.74296 6.39794 5.17412
threshold=1.0771500468254092 0.00059150002198293816 14.632599830627443 0.89749997854232799 479.82659912109381 -0.42505000531673426
decision_type=2 10 2 2 2 10
left_child=2 -2 3 -1 -3 -4
right_child=1 4 5 -5 -6 -7
leaf_value=0.0023622975905090667 -0.017215778474183274 -0.0067062390970186337 0.0045683348131865219 -0.010821473912552891 0.01479852493923302 0.021636036530114693
leaf_weight=186.32003772258759 33.366866692900658 27.828595876693726 100.29193159937859 58.257267266511917 20.114158391952515 20.565068989992142
leaf_count=756 137 114 407 237 82 85
internal_value=0 -0.00574083 0.0020756 -0.000687137 0.00182104 0.00787249
internal_weight=0 81.3096 365.434 244.577 47.9428 120.857
internal_count=1818 333 1485 993 196 492
is_linear=0
shrinkage=0.03


Tree=90
num_leaves=5
num_cat=0
split_feature=8 27 21 8
split_gain=5.52317 4.847 4.71358 2.71072
threshold=-1.8425500392913816 0.13464999943971637 -0.3373000025749206 -0.5589500069618224
decision_type=8 10 2 10
left_child=-1 3 -3 -2
right_child=1 2 -4 -5
leaf_value=0.014784355564928638 -0.017799612471989829 0.0080460183848463391 -0.00076594819016445278 -0.0010721237116035457
leaf_weight=21.801294952630997 19.988285452127457 64.37534387409687 312.15373814105988 22.378491684794426
leaf_count=90 81 261 1271 91
internal_value=0 -0.000339361 0.000678495 -0.00988425
internal_weight=0 418.896 376.529 42.3668
internal_count=1794 1704 1532 172
is_linear=0
shrinkage=0.03


Tree=91
num_leaves=6
num_cat=0
split_feature=30 25 10 6 10
split_gain=5.29058 5.19658 8.25634 7.31208 4.21185
threshold=3.5120500326156621 14.632599830627443 -2.7922000885009761 0.7073500156402589 -2.5767499208450313
decision_type=2 2 10 10 10
left_child=1 3 -3 -1 -2
right_child=4 2 -4 -5 -6
leaf_value=-0.0031000955935803513 -0.015176771104313721 -0.0062841817199280068 0.010041193046737245 0.01320510111877155 0
leaf_weight=197.29862569272518 30.994431301951408 33.477446958422661 115.83445602655411 26.98898021876812 36.024235516786575
leaf_count=801 127 137 471 110 148
internal_value=0 0.00181887 0.00616382 -0.00095499 -0.00725357
internal_weight=0 373.6 149.312 224.288 67.0187
internal_count=1794 1519 608 911 275
is_linear=0
shrinkage=0.03


Tree=92
num_leaves=6
num_cat=0
split_feature=31 10 29 29 23
split_gain=5.6054 6.10805 6.81806 5.59664 2.33591
threshold=2.5000000000000004 3.563850045204163 -4.011500120162963 -1.2315999865531919 0.69850000739097606
decision_type=2 10 2 2 2
left_child=1 2 -1 -3 -2
right_child=4 3 -4 -5 -6
leaf_value=0.0089596926667887978 -0.0010597210906755031 0 -0.002409609842621984 0.016456855541674812 -0.016016478303494085
leaf_weight=56.998900592327118 23.427527204155922 38.789082944393158 256.74657382071018 41.468988165259361 23.121068596839905
leaf_count=233 95 158 1044 169 95
internal_value=0 0.00157814 -0.000226902 0.00891959 -0.0093004
internal_weight=0 394.004 313.745 80.2581 46.5486
internal_count=1794 1604 1277 327 190
is_linear=0
shrinkage=0.03


Tree=93
num_leaves=6
num_cat=0
split_feature=31 10 3 29 24
split_gain=5.31237 5.76284 7.44262 5.33342 1.44808
threshold=2.5000000000000004 3.563850045204163 14.239649772644045 -0.77409997582435597 105.1192970275879
decision_type=2 10 2 2 2
left_child=1 2 -1 -3 -2
right_child=4 3 -4 -5 -6
leaf_value=-0.0068363465916119522 -0.0027390251717304176 0.0025796689948043008 0.0029328343082764162 0.01983157701159605 -0.015347321041488872
leaf_weight=103.82902452349663 26.285805404186249 54.513362318277359 209.87884619832039 25.780515998601913 20.218077003955841
leaf_count=423 107 222 854 105 83
internal_value=0 0.0015345 -0.000216629 0.0086637 -0.00905983
internal_weight=0 394.002 313.708 80.2939 46.5039
internal_count=1794 1604 1277 327 190
is_linear=0
shrinkage=0.03


Tree=94
num_leaves=5
num_cat=0
split_feature=8 11 16 16
split_gain=5.09922 5.05364 13.6854 7.73433
threshold=-1.8425500392913816 -0.12254999950528143 0.0034079999895766382 0.00062299999990500521
decision_type=8 2 10 10
left_child=-1 2 -2 -3
right_child=1 3 -4 -5
leaf_value=0.014195191030085456 0.0028638969369181211 -0.0046343133554965022 -0.012169206308123874 0.0073681308542363965
leaf_weight=21.72366002202034 121.01168604195118 72.359540566802025 94.545138448476791 130.80587503314018
leaf_count=90 490 296 386 532
internal_value=0 -0.000362353 -0.00361697 0.00294463
internal_weight=0 418.722 215.557 203.165
internal_count=1794 1704 876 828
is_linear=0
shrinkage=0.03


Tree=95
num_leaves=5
num_cat=0
split_feature=3 3 4 12
split_gain=6.92626 9.23122 6.77196 5.48929
threshold=65.382949829101577 37.085100173950202 19.231499671936039 1.3258500099182131
decision_type=2 2 2 2
left_child=1 2 -1 -3
right_child=-2 3 -4 -5
leaf_value=0.0041164023158167425 -0.014927504083901933 0.013001840774463667 -0.0050678729916740018 -0.00025561230045014979
leaf_weight=108.47576326131821 25.63957579433918 73.486634314060211 201.14394514262676 38.138947620987892
leaf_count=441 104 299 821 155
internal_value=0 0.000839951 -0.00175067 0.00824377
internal_weight=0 421.245 309.62 111.626
internal_count=1820 1716 1262 454
is_linear=0
shrinkage=0.03


Tree=96
num_leaves=5
num_cat=0
split_feature=3 3 12 0
split_gain=6.53379 8.67681 5.18877 5.13519
threshold=65.382949829101577 37.085100173950202 1.3258500099182131 0.60119998455047619
decision_type=2 2 2 2
left_child=1 3 -3 -1
right_child=-2 2 -4 -5
leaf_value=-0.0032025408712255004 -0.014504311417503635 0.012623029151724113 -0.0002481409059812407 0.0084569963863195367
leaf_weight=272.74826297163963 25.625421449542046 73.451712295413017 38.138800069689751 36.847739681601524
leaf_count=1112 104 299 155 150
internal_value=0 0.00081358 0.00799441 -0.00169549
internal_weight=0 421.187 111.591 309.596
internal_count=1820 1716 454 1262
is_linear=0
shrinkage=0.03


Tree=97
num_leaves=5
num_cat=0
split_feature=3 3 4 10
split_gain=6.16439 8.1545 6.28105 5.74129
threshold=65.382949829101577 37.085100173950202 19.231499671936039 4.5183000564575204
decision_type=2 2 2 10
left_child=1 2 -1 -3
right_child=-2 3 -4 -5
leaf_value=0.0040039767305131537 -0.014094322309181095 0.010999258240004414 -0.0048402124213580396 -0.0057860274235273157
leaf_weight=108.4856244623661 25.609048172831535 91.913409262895584 201.08533792197704 19.637414187192917
leaf_count=441 104 374 821 80
internal_value=0 0.000788426 -0.00164136 0.00775267
internal_weight=0 421.122 309.571 111.551
internal_count=1820 1716 1262 454
is_linear=0
shrinkage=0.03


Tree=98
num_leaves=5
num_cat=0
split_feature=7 7 11 30
split_gain=4.16813 5.90909 4.12193 3.9937
threshold=0.71959999203681957 0.63580000400543224 -0.091900002211332307 1.6207499504089358
decision_type=8 10 2 2
left_child=1 3 -3 -1
right_child=-2 2 -4 -5
leaf_value=0.002154459855824793 -0.010405797374393651 8.6606899583257797e-05 0.020160572466272991 -0.004085473389779189
leaf_weight=213.95400263369083 31.677357047796249 20.820860639214516 21.569603368639946 158.62224788963795
leaf_count=871 130 85 88 646
internal_value=0 0.000716123 0.0112215 -0.000425677
internal_weight=0 414.967 42.3905 372.576
internal_count=1820 1690 173 1517
is_linear=0
shrinkage=0.03


Tree=99
num_leaves=7
num_cat=0
split_feature=5 26 31 26 10 12
split_gain=5.32363 5.04702 4.96645 8.02576 6.66778 1.89667
threshold=0.41850000619888311 -0.96720001101493824 -1.4999999999999998 -3.7915500402450557 -11.92400026321411 -1.5068500041961668
decision_type=10 10 2 10 10 2
left_child=1 5 3 -2 -4 -1
right_child=2 -3 4 -5 -6 -7
leaf_value=-0.0053538995070479545 0.01174968252720917 0.0014706594138557182 -0.01099775540003858 -0.0088922531219556532 0.0048871954198371455 -0.021273179498304436
leaf_weight=20.547648683190346 19.631968200206757 26.236367389559746 24.265893131494522 78.165020555257797 257.25647780299187 20.491290420293808
leaf_count=84 80 107 99 318 1048 84
internal_value=0 -0.00779926 0.00129561 -0.00436791 0.00337772 -0.0143332
internal_weight=0 67.2753 379.319 97.797 281.522 41.0389
internal_count=1820 275 1545 398 1147 168
is_linear=0
shrinkage=0.03


end of trees

feature_importances:
Column_12=59
Column_16=52
Column_11=33
Column_28=31
Column_10=29
Column_7=28
Column_3=23
Column_6=23
Column_23=21
Column_30=21
Column_8=19
Column_4=18
Column_5=18
Column_26=18
Column_25=16
Column_15=15
Column_1=14
Column_9=12
Column_27=12
Column_29=12
Column_24=11
Column_21=9
Column_2=8
Column_14=8
Column_31=6
Column_22=5
Column_0=4
Column_32=4
Column_13=1
Column_17=1

parameters:
[boosting: gbdt]
[objective: binary]
[metric: binary_logloss]
[tree_learner: serial]
[device_type: cpu]
[data_sample_strategy: bagging]
[data: ]
[valid: ]
[num_iterations: 100]
[learning_rate: 0.03]
[num_leaves: 8]
[num_threads: 0]
[seed: 42]
[deterministic: 0]
[force_col_wise: 0]
[force_row_wise: 0]
[histogram_pool_size: -1]
[max_depth: 3]
[min_data_in_leaf: 80]
[min_sum_hessian_in_leaf: 0.001]
[bagging_fraction: 0.6]
[pos_bagging_fraction: 1]
[neg_bagging_fraction: 1]
[bagging_freq: 5]
[bagging_seed: 400]
[feature_fraction: 0.5]
[feature_fraction_bynode: 1]
[feature_fraction_seed: 30056]
[extra_trees: 0]
[extra_seed: 12879]
[early_stopping_round: 0]
[early_stopping_min_delta: 0]
[first_metric_only: 0]
[max_delta_step: 0]
[lambda_l1: 1]
[lambda_l2: 1]
[linear_lambda: 0]
[min_gain_to_split: 0]
[drop_rate: 0.1]
[max_drop: 50]
[skip_drop: 0.5]
[xgboost_dart_mode: 0]
[uniform_drop: 0]
[drop_seed: 17869]
[top_rate: 0.2]
[other_rate: 0.1]
[min_data_per_group: 100]
[max_cat_threshold: 32]
[cat_l2: 10]
[cat_smooth: 10]
[max_cat_to_onehot: 4]
[top_k: 20]
[monotone_constraints: ]
[monotone_constraints_method: basic]
[monotone_penalty: 0]
[feature_contri: ]
[forcedsplits_filename: ]
[refit_decay_rate: 0.9]
[cegb_tradeoff: 1]
[cegb_penalty_split: 0]
[cegb_penalty_feature_lazy: ]
[cegb_penalty_feature_coupled: ]
[path_smooth: 0]
[interaction_constraints: ]
[verbosity: -1]
[saved_feature_importance_type: 0]
[use_quantized_grad: 0]
[num_grad_quant_bins: 4]
[quant_train_renew_leaf: 0]
[stochastic_rounding: 1]
[linear_tree: 0]
[max_bin: 255]
[max_bin_by_feature: ]
[min_data_in_bin: 3]
[bin_construct_sample_cnt: 200000]
[data_random_seed: 175]
[is_enable_sparse: 1]
[enable_bundle: 1]
[use_missing: 1]
[zero_as_missing: 0]
[feature_pre_filter: 1]
[pre_partition: 0]
[two_round: 0]
[header: 0]
[label_column: ]
[weight_column: ]
[group_column: ]
[ignore_column: ]
[categorical_feature: ]
[forcedbins_filename: ]
[precise_float_parser: 0]
[parser_config_file: ]
[objective_seed: 16083]
[num_class: 1]
[is_unbalance: 0]
[scale_pos_weight: 1]
[sigmoid: 1]
[boost_from_average: 1]
[reg_sqrt: 0]
[alpha: 0.9]
[fair_c: 1]
[poisson_max_delta_step: 0.7]
[tweedie_variance_power: 1.5]
[lambdarank_truncation_level: 30]
[lambdarank_norm: 1]
[label_gain: ]
[lambdarank_position_bias_regularization: 0]
[eval_at: ]
[multi_error_top_k: 1]
[auc_mu_weights: ]
[num_machines: 1]
[local_listen_port: 12400]
[time_out: 120]
[machine_list_filename: ]
[machines: ]
[gpu_platform_id: -1]
[gpu_device_id: -1]
[gpu_use_dp: 0]
[num_gpu: 1]

end of parameters

pandas_categorical:null
