tree
version=v4
num_class=1
num_tree_per_iteration=1
label_index=0
max_feature_idx=39
objective=binary sigmoid:1
feature_names=Column_0 Column_1 Column_2 Column_3 Column_4 Column_5 Column_6 Column_7 Column_8 Column_9 Column_10 Column_11 Column_12 Column_13 Column_14 Column_15 Column_16 Column_17 Column_18 Column_19 Column_20 Column_21 Column_22 Column_23 Column_24 Column_25 Column_26 Column_27 Column_28 Column_29 Column_30 Column_31 Column_32 Column_33 Column_34 Column_35 Column_36 Column_37 Column_38 Column_39
feature_infos=[-5.9695000648498535:5.8660998344421387] [0.06719999760389328:8.466099739074707] [0:100] [0:94.647499084472656] [0:98.560401916503906] [0.13899999856948853:19.368999481201172] [0.072700001299381256:1.7511999607086182] [0.10819999873638153:0.96670001745223999] [-5.5763001441955566:8.3232002258300781] [-13.230600357055664:18.165500640869141] [-25.742399215698242:29.886199951171875] [-10.92389965057373:11.503199577331543] [-17.351100921630859:24.853700637817383] [0:1] [0:23] [0:6] [-0.00040858000284060836:0.0099999997764825821] [-1:1] [-4.2557997703552246:3.5064001083374023] [0.89999997615814209:1.8200000524520874] none [-5.2280998229980469:7.3629999160766602] [-6.9159002304077148:11.089900016784668] [-11.437800407409668:13.924099922180176] [-1168.35498046875:1905.5758056640625] [-1105.383056640625:1664.494140625] [-15.605899810791016:3.8547999858856201] [-2.2244000434875488:19.114900588989258] [0.33649998903274536:27.227500915527344] [-15.130599975585938:-0.011900000274181366] [0:16.672199249267578] [-9:8] [0:2] [-4.8175997734069824:3.9995999336242676] [-5.5763001441955566:6.1848001480102539] [-7.4244999885559082:11.212400436401367] [25.324783325195312:32.801090240478516] [-14.912030220031738:14.622958183288574] [0.45231381058692932:0.99127113819122314] [-3.25:5.8357000350952148]
tree_sizes=1702 1699 1673 1686 1679 1713

Tree=0
num_leaves=15
num_cat=0
split_feature=11 6 27 11 27 30 39 11 37 37 11 33 2 29
split_gain=26.4252 25.7242 20.994 16.6145 17.2078 15.9621 15.7215 13.709 12.3949 10.4078 7.75229 9.4954 7.44994 7.01207
threshold=-2.5687499046325679 0.57944998145103466 0.73895001411437999 -1.0945500135421751 1.5566999912261965 1.986550033092499 0.18074999749660495 1.565050005912781 0.13122233748435977 0.40375436842441564 1.2763000130653384 0.18040000647306445 36.930799484252937 -3.5300500392913814
decision_type=2 10 10 2 8 2 8 2 8 10 2 8 2 2
left_child=2 3 8 6 5 -5 -2 -6 -1 10 11 -3 -4 -14
right_child=1 9 12 4 7 -7 -8 -9 -10 -11 -12 -13 13 -15
leaf_value=0.039556999995356279 0.078577939637149347 0.051030967770372401 -0.15781473095673929 -0.034083627651762684 -0.11022614964709367 0.051450707105210852 -0.020469404235353209 -0.030149180783551745 -0.070114335330876548 -0.022066318253447265 0.073064782399038367 -0.047898266633384506 -0.03003228709887509 -0.11817541161695462
leaf_weight=12.006438583135603 15.127685755491255 12.786750376224516 14.527212202548979 151.1076922416687 32.971223801374435 14.832020819187163 33.26079198718071 24.852627217769623 13.134233355522158 24.625544220209122 27.156984984874725 10.377233058214189 11.157544851303099 13.073271632194521
leaf_count=47 59 50 58 596 131 58 131 98 52 97 106 41 44 52
internal_value=-0.0300323 -0.0186906 -0.0744487 -0.0300323 -0.0393609 -0.0264569 0.0121081 -0.076791 -0.0189629 0.0226439 0.0434431 0.00558026 -0.111141 -0.079524
internal_weight=0 347.099 63.8987 272.152 223.764 165.94 48.3885 57.8239 25.1407 74.9465 50.321 23.164 38.758 24.2308
internal_count=1620 1367 253 1073 883 654 190 229 99 294 197 91 154 96
is_linear=0
shrinkage=1


Tree=1
num_leaves=15
num_cat=0
split_feature=11 12 28 21 33 8 11 28 11 30 28 25 34 28
split_gain=22.627 26.9584 27.5917 27.1848 15.4605 11.3968 10.6022 10.1608 9.3497 15.2405 8.28512 4.31792 3.85984 1.4242
threshold=-2.5687499046325679 -1.5572500228881834 4.8361499309539804 0.32510000467300421 -0.19075000286102292 -1.2904500365257261 -1.0945500135421751 8.439399719238283 -3.4186499118804927 1.5015000104904177 1.1898500323295595 -3.413750052452087 -0.25840000808238978 3.609799981117249
decision_type=2 2 10 2 8 8 2 10 2 2 10 2 8 10
left_child=4 3 5 10 -1 -3 -7 -4 9 -6 -2 -5 -12 -10
right_child=1 2 7 11 8 6 -8 -9 13 -11 12 -13 -14 -15
leaf_value=0.024548861992202284 0.01031969481487805 0.065968434406451823 0.10196817489828766 0.0090241169423683765 0.038788046425930874 0.026657838745932118 -0.02246330763360864 0.00082516235297420179 -0.064294145608781411 -0.082301752097580075 0.03963354863494576 -0.059312597214806195 0.10467314299712874 -0.12623199541365665
leaf_weight=16.00140206515789 10.920384824275969 10.979990884661673 19.975540325045589 10.151292309165003 11.183771833777429 31.788389757275581 192.52868907153606 10.403221294283865 10.04556153714657 14.277652755379675 10.441416919231413 11.067525565624235 38.680749744176865 12.245731666684149
leaf_count=63 43 43 78 40 44 125 761 41 40 57 41 44 151 49
internal_value=0 0.0104811 -0.00173253 0.0506681 -0.0411628 -0.0111876 -0.0152805 0.0692013 -0.0640373 -0.0278504 0.078171 -0.0253228 0.0921931 -0.102098
internal_weight=0 346.937 265.676 81.2614 63.7541 235.297 224.317 30.3788 47.7527 25.4614 60.0426 21.2188 49.1222 22.2913
internal_count=1620 1367 1048 319 253 929 886 119 190 101 235 84 192 89
is_linear=0
shrinkage=0.08


Tree=2
num_leaves=15
num_cat=0
split_feature=16 27 14 12 8 16 9 36 12 9 27 8 27 9
split_gain=20.9854 16.7808 20.1657 14.0375 12.0968 11.0937 10.6342 10.6282 10.3297 9.27194 6.59569 7.8121 6.30037 4.37565
threshold=0.0035904400283470754 0.95454999804496776 20.500000000000004 0.24445000290870669 0.48629999160766607 0.0070331799797713765 1.4349499940872195 27.184700012207035 1.3304499983787539 1.5493500232696535 1.2286000251770022 0.51964998245239269 0.83140000700950634 0.15879999846220019
decision_type=10 10 2 2 10 10 10 8 2 10 10 10 8 10
left_child=1 3 4 12 6 -2 -3 -5 -9 -6 -7 -12 13 -1
right_child=5 2 -4 7 9 10 -8 8 -10 -11 11 -13 -14 -15
leaf_value=0.036658749730719538 0.10030315531359812 -0.010265860757844093 -0.09424217273592829 0.059883177023626069 -0.072716381080073125 -0.016044111316724202 0.050473719630134396 -0.06054610628046618 0 -0.004643067945935395 0.08876854812587516 0 0.089744362200620695 -0.0039824633634677467
leaf_weight=56.943980023264885 17.1346565335989 73.488000825047493 21.782670646905899 11.217027142643927 29.107212692499161 15.937316372990606 23.903052642941475 27.217156812548637 49.919938966631889 25.047680929303169 13.280806317925455 12.155257403850554 11.500831931829451 21.534567609429359
leaf_count=224 67 291 87 44 116 63 94 108 197 99 52 48 45 85
internal_value=0 -0.00511893 -0.0228924 0.0119478 -0.0120976 0.0463978 0.00441473 -0.0103363 -0.0213825 -0.0422935 0.0221867 0.0475305 0.0342076 0.0250457
internal_weight=0 351.662 173.329 178.334 151.546 58.508 97.3911 88.3541 77.1371 54.1549 41.3734 25.4361 89.9794 78.4785
internal_count=1620 1390 687 703 600 230 385 349 305 215 163 100 354 309
is_linear=0
shrinkage=0.08


Tree=3
num_leaves=15
num_cat=0
split_feature=11 6 27 11 38 27 11 11 11 8 11 26 29 23
split_gain=19.0231 19.1376 16.011 12.4086 13.7165 12.5531 12.7897 10.8973 12.1298 11.4862 10.469 9.21278 7.73295 5.92707
threshold=-2.5687499046325679 0.59209999442100536 0.48380000889301306 -1.0945500135421751 0.87907183170318615 1.5566999912261965 0.040899999439716346 0.75929999351501476 -0.74885001778602589 1.1562500000000002 1.7068499922752383 -1.2289000153541563 -3.5300500392913814 -2.7813500165939327
decision_type=2 10 10 2 10 8 2 2 2 10 2 10 2 2
left_child=2 3 13 4 11 6 -5 8 -3 -9 -7 -2 -4 -1
right_child=1 7 12 5 -6 10 -8 9 -10 -11 -12 -13 -14 -15
leaf_value=-0.022168628681577016 0.057729092596591078 0.056127115884562463 -0.024455490145784502 -0.026649940610034381 0.10611412593175777 -0.066000224064129503 0.019605654463280647 0.094190302558147435 -0.046918205552891418 0 0.00065066563148221388 -0.022647481408965636 -0.096734128811402018 0.060262824280434391
leaf_weight=10.089676812291147 14.775099635124201 14.775604546070101 19.327564254403114 58.355117067694664 12.768231868743895 36.302383348345757 107.85704518854618 32.867179855704308 13.350530117750166 10.119626253843306 23.55518065392971 21.481546655297283 23.56387397646904 10.456952333450316
leaf_count=40 58 58 77 231 50 145 425 129 53 40 93 85 95 41
internal_value=0 0.00949731 -0.037961 0 0.0361826 -0.00802132 0.00309471 0.0463358 0.00585247 0.0715322 -0.0393209 0.00935861 -0.0657432 0.0183183
internal_weight=0 346.208 63.4381 275.095 49.0249 226.07 166.212 71.1129 28.1261 42.9868 59.8576 36.2566 42.8914 20.5466
internal_count=1620 1367 253 1087 193 894 656 280 111 169 238 143 172 81
is_linear=0
shrinkage=0.08


Tree=4
num_leaves=15
num_cat=0
split_feature=11 6 33 15 10 25 11 11 8 11 10 7 11 6
split_gain=16.2781 16.2699 12.6272 11.4557 10.7741 9.72906 9.31121 10.3423 9.91836 9.24078 7.24814 6.70889 4.40104 2.42151
threshold=-2.5687499046325679 0.59209999442100536 -0.19075000286102292 4.5000000000000009 -2.0123000144958492 98.336200714111342 0.75929999351501476 -0.74885001778602589 1.1562500000000002 -2.2372999191284175 -2.7552999258041377 0.28875000774860388 -3.4186499118804927 0.72259998321533214
decision_type=2 10 8 2 10 2 2 2 10 2 10 8 2 10
left_child=2 3 -1 9 12 10 7 -3 13 -2 -5 -11 -4 -8
right_child=1 6 4 5 -6 -7 8 -9 -10 11 -12 -13 -14 -15
leaf_value=0.024014563222967276 0.05601609418065704 0.051863104318844833 -0.043098156624777111 0.0013832866377307795 0.0052500723738511858 -0.031934568759801711 0.11244715418828451 -0.043293572793216176 0 0.023626000248477087 0.06702387655983906 -0.019182146673262318 -0.10767809914384213 0.05673824021086004
leaf_weight=15.956417337059973 12.424692898988722 14.753089487552645 16.861502379178997 17.686590805649757 12.268258780241011 12.092139378190039 16.503256618976593 13.352476194500921 10.119626253843306 25.864114180207253 33.323306903243065 173.32549841701984 18.02272625267506 16.137783110141754
leaf_count=63 49 58 68 70 49 48 65 53 40 102 131 687 73 64
internal_value=0 0.00877734 -0.0352233 0 -0.0561504 0.0297161 0.0428096 0.00529091 0.0661989 -0.00899268 0.0452753 -0.0133781 -0.0786435 0.0873831
internal_weight=0 345.583 63.1089 274.716 47.1525 63.102 70.8662 28.1056 42.7607 211.614 51.0099 199.19 34.8842 32.641
internal_count=1620 1367 253 1087 190 249 280 111 169 838 201 789 141 129
is_linear=0
shrinkage=0.08


Tree=5
num_leaves=15
num_cat=0
split_feature=8 16 0 33 8 38 28 29 10 10 17 8 0 27
split_gain=15.9378 11.9972 10.329 10.0761 10.2012 8.04973 7.64265 18.6642 6.15229 5.68277 5.03841 4.2464 2.82202 1.76738
threshold=0.7490999996662141 0.0099646300077438372 0.030700000002980236 0.073900002986192717 -1.4141499996185301 0.93063396215438854 2.6506500244140629 -2.2161999940872188 -2.0479999780654903 -1.7106499671936033 1.0000000180025095e-35 1.218299984931946 0.038450000807642944 2.9782500267028813
decision_type=8 8 2 8 10 8 8 2 10 10 10 10 2 8
left_child=1 10 6 -4 -5 11 7 -3 -8 -7 12 -2 -1 -11
right_child=5 2 3 4 -6 9 8 -9 -10 13 -12 -13 -14 -15
leaf_value=0.039706078615046145 -0.029875664883339634 -0.061055952645497541 0.041647276402471317 0.046713851046953268 -0.027732916676342947 -0.047267276252074372 0.01405049660533671 0.021382256516883493 0.062928783141239453 -0.0018330061000288909 0.0080280858447239461 -0.099544697650694292 0.11100444063312123 0.041331198637726455
leaf_weight=10.101424574851992 14.027903646230699 21.854699179530144 18.999108999967575 12.354396492242811 111.21829268336296 13.421008124947546 37.981320634484291 80.872872427105904 33.403025060892105 10.274912670254709 11.097218841314318 13.439516320824621 10.374340429902075 10.146944746375082
leaf_count=40 56 87 75 49 443 54 151 319 132 41 44 54 41 40
internal_value=0 0.00941814 0.00455097 -0.0112231 -0.0198093 -0.0346114 0.0176918 0.00324572 0.0377573 -0.0069216 0.0561577 -0.0665644 0.0795223 0.0181772
internal_weight=0 348.257 316.684 142.572 123.573 61.3103 174.112 102.728 71.3843 33.8429 31.573 27.4674 20.4758 20.4219
internal_count=1626 1381 1256 567 492 245 689 406 283 135 125 110 81 81
is_linear=0
shrinkage=0.08


end of trees

feature_importances:
Column_11=18
Column_8=8
Column_27=8
Column_28=5
Column_6=4
Column_10=4
Column_33=4
Column_9=3
Column_12=3
Column_16=3
Column_29=3
Column_0=2
Column_25=2
Column_30=2
Column_37=2
Column_38=2
Column_2=1
Column_7=1
Column_14=1
Column_15=1
Column_17=1
Column_21=1
Column_23=1
Column_26=1
Column_34=1
Column_36=1
Column_39=1

parameters:
[boosting: gbdt]
[objective: binary]
[metric: binary_logloss]
[tree_learner: serial]
[device_type: cpu]
[data_sample_strategy: bagging]
[data: ]
[valid: ]
[num_iterations: 300]
[learning_rate: 0.08]
[num_leaves: 15]
[num_threads: 0]
[seed: 42]
[deterministic: 0]
[force_col_wise: 0]
[force_row_wise: 0]
[histogram_pool_size: -1]
[max_depth: 5]
[min_data_in_leaf: 40]
[min_sum_hessian_in_leaf: 0.001]
[bagging_fraction: 0.7]
[pos_bagging_fraction: 1]
[neg_bagging_fraction: 1]
[bagging_freq: 5]
[bagging_seed: 400]
[feature_fraction: 0.6]
[feature_fraction_bynode: 1]
[feature_fraction_seed: 30056]
[extra_trees: 0]
[extra_seed: 12879]
[early_stopping_round: 0]
[early_stopping_min_delta: 0]
[first_metric_only: 0]
[max_delta_step: 0]
[lambda_l1: 0.5]
[lambda_l2: 0.5]
[linear_lambda: 0]
[min_gain_to_split: 0]
[drop_rate: 0.1]
[max_drop: 50]
[skip_drop: 0.5]
[xgboost_dart_mode: 0]
[uniform_drop: 0]
[drop_seed: 17869]
[top_rate: 0.2]
[other_rate: 0.1]
[min_data_per_group: 100]
[max_cat_threshold: 32]
[cat_l2: 10]
[cat_smooth: 10]
[max_cat_to_onehot: 4]
[top_k: 20]
[monotone_constraints: ]
[monotone_constraints_method: basic]
[monotone_penalty: 0]
[feature_contri: ]
[forcedsplits_filename: ]
[refit_decay_rate: 0.9]
[cegb_tradeoff: 1]
[cegb_penalty_split: 0]
[cegb_penalty_feature_lazy: ]
[cegb_penalty_feature_coupled: ]
[path_smooth: 0]
[interaction_constraints: ]
[verbosity: -1]
[saved_feature_importance_type: 0]
[use_quantized_grad: 0]
[num_grad_quant_bins: 4]
[quant_train_renew_leaf: 0]
[stochastic_rounding: 1]
[linear_tree: 0]
[max_bin: 255]
[max_bin_by_feature: ]
[min_data_in_bin: 3]
[bin_construct_sample_cnt: 200000]
[data_random_seed: 175]
[is_enable_sparse: 1]
[enable_bundle: 1]
[use_missing: 1]
[zero_as_missing: 0]
[feature_pre_filter: 1]
[pre_partition: 0]
[two_round: 0]
[header: 0]
[label_column: ]
[weight_column: ]
[group_column: ]
[ignore_column: ]
[categorical_feature: ]
[forcedbins_filename: ]
[precise_float_parser: 0]
[parser_config_file: ]
[objective_seed: 16083]
[num_class: 1]
[is_unbalance: 1]
[scale_pos_weight: 1]
[sigmoid: 1]
[boost_from_average: 1]
[reg_sqrt: 0]
[alpha: 0.9]
[fair_c: 1]
[poisson_max_delta_step: 0.7]
[tweedie_variance_power: 1.5]
[lambdarank_truncation_level: 30]
[lambdarank_norm: 1]
[label_gain: ]
[lambdarank_position_bias_regularization: 0]
[eval_at: ]
[multi_error_top_k: 1]
[auc_mu_weights: ]
[num_machines: 1]
[local_listen_port: 12400]
[time_out: 120]
[machine_list_filename: ]
[machines: ]
[gpu_platform_id: -1]
[gpu_device_id: -1]
[gpu_use_dp: 0]
[num_gpu: 1]

end of parameters

pandas_categorical:null
