tree
version=v4
num_class=1
num_tree_per_iteration=1
label_index=0
max_feature_idx=32
objective=binary sigmoid:1
feature_names=Column_0 Column_1 Column_2 Column_3 Column_4 Column_5 Column_6 Column_7 Column_8 Column_9 Column_10 Column_11 Column_12 Column_13 Column_14 Column_15 Column_16 Column_17 Column_18 Column_19 Column_20 Column_21 Column_22 Column_23 Column_24 Column_25 Column_26 Column_27 Column_28 Column_29 Column_30 Column_31 Column_32
feature_infos=[-5.9695000648498535:4.3878002166748047] [0.13120000064373016:14.455100059509277] [0:99.973297119140625] [0:94.647499084472656] [0:96.481002807617188] [0.094999998807907104:14.517999649047852] [0.11599999666213989:1.9289000034332275] [0.30579999089241028:1.3525999784469604] [-8.8650999069213867:8.1295995712280273] [-15.923299789428711:12.667300224304199] [-42.180198669433594:16.961399078369141] [-10.92389965057373:10.982000350952148] [-17.995500564575195:16.805400848388672] [0:1] [0:23] [0:6] none none none none none [-6.0914998054504395:5.2831997871398926] [-9.2095003128051758:6.4052000045776367] [-14.683600425720215:7.923799991607666] [-148.05220031738281:89.565101623535156] [-133.00430297851562:77.555397033691406] [-19.294500350952148:3.2100999355316162] [-3.0864999294281006:13.253499984741211] [0.40689998865127563:21.744899749755859] [-19.050500869750977:-0.00089999998454004526] [0.023000000044703484:16.099300384521484] [-10:12] [0:2]
tree_sizes=883 771 878 978 773 961 961 980 961 960 879 879 882 978 882 670 672 769 854 874 858 963 937 982 983 882 863 882 882 883 885 981 857 876 754 871 644 873 667 672 964 875 774 985 964 947 861 983 772 868 877 561 982 836 874 860 867 768 861 857 941 667 987 563 668 882 562 964 959 563 879 984 777 986 769 668 563 771 563 768 964 668 749 757 960 965 966 874 886 884 558 750 746 771 756 730 859 874 772 877

Tree=0
num_leaves=7
num_cat=0
split_feature=12 30 8 30 0 5
split_gain=25.5009 15.5322 14.1441 8.4962 8.19072 7.88296
threshold=2.9186999797821049 1.1543000340461733 -0.064699999988079057 1.6425999999046328 0.055250000208616264 0.66050001978874218
decision_type=2 2 8 2 2 10
left_child=2 -2 3 -1 -3 -4
right_child=1 4 5 -5 -6 -7
leaf_value=-0.005585630364131771 -0.016192058625034755 -0.047038748233336605 -0.030128095391528036 -0.018729404970050691 -0.029020942521079462 -0.018341043718366958
leaf_weight=99.986886978149414 36.245246529579163 50.993312358856201 82.489181756973267 93.487739324569702 51.993181228637695 130.48288750648499
leaf_count=400 145 204 330 374 208 522
internal_value=-0.0229018 -0.0323813 -0.0175777 -0.0117284 -0.0383772 -0.0229018
internal_weight=0 139.232 406.447 193.475 102.986 212.972
internal_count=2183 557 1626 774 412 852
is_linear=0
shrinkage=1


Tree=1
num_leaves=6
num_cat=0
split_feature=12 30 11 9 0
split_gain=24.0274 14.6673 14.181 13.1223 7.69339
threshold=2.9186999797821049 1.1543000340461733 3.4855500459671025 1.4339999556541445 0.055250000208616264
decision_type=2 2 2 8 2
left_child=2 -2 3 -1 -3
right_child=1 4 -4 -5 -6
leaf_value=0.0067246075123107586 0.0065133953600761598 -0.023436633433363101 0.027499187511445904 -0.0063105427445439167 -0.0059395390630920921
leaf_weight=295.22390975058079 36.247623264789581 50.971799433231354 23.497579008340836 87.739836677908897 51.989052772521973
leaf_count=1181 145 204 94 351 208
internal_value=0 -0.00920177 0.00516775 0.00365137 -0.0150323
internal_weight=0 139.208 406.461 382.964 102.961
internal_count=2183 557 1626 1532 412
is_linear=0
shrinkage=0.03


Tree=2
num_leaves=7
num_cat=0
split_feature=5 29 1 23 30 28
split_gain=19.2427 11.7349 10.0404 15.7888 9.8752 5.01656
threshold=0.60150000452995311 -7.0920000076293936 0.44865000247955328 -0.74959999322891224 1.5857000350952151 2.7569999694824223
decision_type=10 2 2 2 2 10
left_child=2 -2 5 -4 -3 -1
right_child=1 4 3 -5 -6 -7
leaf_value=0.013199160194598141 0.023490133769625162 0.01028383406916243 0.00044678993398928414 -0.019937507270728322 -0.00018395052721762657 -0.0052383980671950074
leaf_weight=27.495237350463867 29.249288260936737 125.74279434978962 57.494527414441109 74.219116613268852 210.19576944410801 21.242886126041412
leaf_count=110 117 503 230 297 841 85
internal_value=0 0.00539371 -0.00652488 -0.0108772 0.00366403 0.0046161
internal_weight=0 365.188 180.452 131.714 335.939 48.7381
internal_count=2183 1461 722 527 1344 195
is_linear=0
shrinkage=0.03


Tree=3
num_leaves=8
num_cat=0
split_feature=27 14 5 7 28 30 3
split_gain=19.6735 19.2559 13.3702 9.85439 9.06512 8.32569 6.09182
threshold=0.94744998216629039 15.500000000000002 0.60150000452995311 0.5965000092983247 1.5946999788284304 1.200999975204468 32.609350204467781
decision_type=8 2 10 10 10 2 2
left_child=1 4 6 -4 -1 -3 -2
right_child=2 5 3 -5 -6 -7 -8
leaf_value=0.01581292062359051 -0.015609372025793274 0.030495744045347259 -0.0079892930007889155 0.0056456163851562203 -0.0025010522078936026 0.0047565699935864982 -0.0018466292176484195
leaf_weight=31.496990770101547 77.960034176707268 41.997813031077385 64.985291510820389 164.46472357213497 89.986505851149559 19.993682473897934 54.722187831997871
leaf_count=126 312 168 260 658 360 80 219
internal_value=0 0.00936397 -0.00263937 0.00163582 0.00209261 0.0228778 -0.0102139
internal_weight=0 183.475 362.132 229.45 121.483 61.9915 132.682
internal_count=2183 734 1449 918 486 248 531
is_linear=0
shrinkage=0.03


Tree=4
num_leaves=6
num_cat=0
split_feature=12 11 24 26 7
split_gain=22.0803 13.6174 12.357 10.7878 9.63307
threshold=2.9186999797821049 3.4855500459671025 6.9426000118255624 -3.0044000148773189 0.65009999275207531
decision_type=2 2 2 10 10
left_child=1 2 -1 -2 -5
right_child=3 -3 -4 4 -6
leaf_value=0.0062545275154666582 0.0052687997309891444 0.026766891175008235 -0.0067307802521624858 -0.0044732590466507009 -0.023450482406190392
leaf_weight=301.45162458717823 33.238362491130829 23.497242614626884 81.47253455221653 57.199523508548737 48.704166904091835
leaf_count=1206 133 94 326 229 195
internal_value=0 0.00489003 0.00340324 -0.00888765 -0.0136191
internal_weight=0 406.421 382.924 139.142 105.904
internal_count=2183 1626 1532 557 424
is_linear=0
shrinkage=0.03


Tree=5
num_leaves=8
num_cat=0
split_feature=5 23 15 23 10 1 1
split_gain=16.9707 11.5219 10.3691 9.96852 8.58313 8.73045 8.57846
threshold=0.63650000095367443 1.6814500093460085 1.0000000180025095e-35 2.3481500148773198 3.5155999660491948 0.49920000135898596 0.4118999987840653
decision_type=10 2 2 2 8 2 2
left_child=4 2 -2 -3 6 -6 -1
right_child=1 3 -4 -5 5 -7 -8
leaf_value=0.0089977408443325732 0.018232552320926396 -0.024148244474367749 0.002728328439078402 0 -0.0026077558028673475 -0.02795884621238286 -0.0078875222486217214
leaf_weight=32.991540133953094 47.738319009542465 22.235817208886147 232.19134531915188 40.730031400918961 23.98187991976738 32.703676372766495 115.17888455092907
leaf_count=132 191 89 929 163 96 131 461
internal_value=0 0.00286047 0.00553465 -0.00845988 -0.00800549 -0.0179848 -0.00389163
internal_weight=0 342.896 279.93 62.9658 204.856 56.6856 148.17
internal_count=2192 1372 1120 252 820 227 593
is_linear=0
shrinkage=0.03


Tree=6
num_leaves=8
num_cat=0
split_feature=5 27 12 7 7 12 14
split_gain=16.0045 14.1764 9.49146 12.6985 10.2436 8.7263 4.66025
threshold=0.63650000095367443 1.7373999953269961 0.60605001449584972 0.59834998846054088 0.5911499857902528 2.8703999519348149 15.500000000000002
decision_type=10 8 2 10 10 2 2
left_child=2 6 3 -1 -4 -3 -2
right_child=1 5 4 -5 -6 -7 -8
leaf_value=-0.017037446859982975 0.0046770142474647928 0 -0.0013197497677026812 0.0043635958285253079 -0.023183261358440156 -0.016430002550077972 0.015338028361301177
leaf_weight=34.238735750317574 132.7201422303915 113.47791664302349 34.464066460728645 81.711318999528885 54.388083100318909 36.960277870297432 59.720635533332825
leaf_count=137 531 454 138 327 218 148 239
internal_value=0 0.00277624 -0.0077761 -0.00179102 -0.0151458 -0.00397558 0.00820275
internal_weight=0 342.879 204.802 115.95 88.8521 150.438 192.441
internal_count=2192 1372 820 464 356 602 770
is_linear=0
shrinkage=0.03


Tree=7
num_leaves=8
num_cat=0
split_feature=30 1 32 23 1 23 28
split_gain=11.3646 7.66697 13.505 8.54902 6.92723 7.0613 6.36596
threshold=1.7071499824523928 0.71840000152587902 1.5000000000000002 -0.81575000286102284 1.1794999837875368 1.7089499831199648 2.2648999691009526
decision_type=2 2 2 2 2 2 10
left_child=1 3 -3 -1 6 -6 -2
right_child=4 2 -4 -5 5 -7 -8
leaf_value=-0.012967657010953997 0.0034659769687306187 0.0012616680409062661 0.022756698714685539 0.0047560994656769351 0.0063533212663172732 -0.010028228690810501 -0.0099806697050915244
leaf_weight=37.98595629632473 33.976695582270622 75.977608472108841 42.212866201996803 62.466518312692642 77.969726696610451 32.216281518340111 184.77976329624653
leaf_count=152 136 304 169 250 312 129 740
internal_value=0 0.00412851 0.00931704 -0.00171217 -0.00465038 0.00124674 -0.00774939
internal_weight=0 218.643 118.19 100.452 328.942 110.186 218.756
internal_count=2192 875 473 402 1317 441 876
is_linear=0
shrinkage=0.03


Tree=8
num_leaves=8
num_cat=0
split_feature=27 10 10 14 14 22 21
split_gain=14.1141 9.38522 7.46388 7.4432 7.01487 8.72203 8.1807
threshold=0.96150001883506786 4.6217999458312997 1.1734499931335451 16.500000000000004 17.500000000000004 -0.60319998860359181 -0.06214999966323375
decision_type=8 8 10 2 2 2 2
left_child=4 2 -2 -3 6 -6 -1
right_child=1 3 -4 -5 5 -7 -8
leaf_value=-0.00086358438867013018 -0.0044072699490348231 -0.0070236623726643013 0.0073805227198063487 -0.028259660915930726 0.028002865107027868 0 0.018411742340456307
leaf_weight=119.43290631473064 219.35189485549927 60.643125995993614 59.691856801509857 22.441883742809296 23.717029213905334 19.983543157577515 22.239968031644821
leaf_count=478 878 243 239 90 95 80 89
internal_value=0 -0.00454008 -0.0017612 -0.0133843 0.00559021 0.0160621 0.00205985
internal_weight=0 362.129 279.044 83.085 185.373 43.7006 141.673
internal_count=2192 1450 1117 333 742 175 567
is_linear=0
shrinkage=0.03


Tree=9
num_leaves=8
num_cat=0
split_feature=5 8 12 1 22 1 1
split_gain=14.5466 12.0253 8.97193 10.5163 8.13985 5.01739 3.89637
threshold=0.63650000095367443 0.07440000027418138 0.60605001449584972 0.463799998164177 -1.1498999595642088 2.4228999614715581 1.3646500110626223
decision_type=10 10 2 2 2 2 2
left_child=2 5 4 -4 -1 -2 -3
right_child=1 6 3 -5 -6 -7 -8
leaf_value=-0.018255197291861393 0.0096751546698768155 -0.0066096951610162104 0 -0.021713077707883586 0.001935056206124786 -0.0050069981082989032 0.0031685251807758719
leaf_weight=20.740931585431099 165.62959311902523 106.42637407779694 29.46261265873909 59.283991634845734 95.180393978953362 20.484126806259155 50.214427828788757
leaf_count=83 663 426 118 238 381 82 201
internal_value=0 0.00269615 -0.00736678 -0.0145336 -0.00154609 0.00788075 -0.00328456
internal_weight=0 342.755 204.668 88.7466 115.921 186.114 156.641
internal_count=2192 1372 820 356 464 745 627
is_linear=0
shrinkage=0.03


Tree=10
num_leaves=7
num_cat=0
split_feature=28 28 28 24 29 0
split_gain=8.20774 12.8455 10.4892 11.2775 9.84784 5.81511
threshold=5.6957499980926523 9.5553998947143572 2.0032999515533452 -3.4262000322341915 -2.7749000787734981 -0.45469999313354487
decision_type=10 10 8 2 2 2
left_child=2 4 3 -1 -2 -4
right_child=1 -3 5 -5 -6 -7
leaf_value=-0.00871660556333974 0.017856421893543729 -0.0095149751215891677 0.001996499389172388 0.013120635781847887 -6.6204608656044922e-05 -0.0075920612576312425
leaf_weight=28.983970776200294 68.17378506064415 34.451369240880013 68.678441733121872 64.714011430740356 40.419283360242844 233.92266656458378
leaf_count=116 273 138 275 259 162 937
internal_value=0 0.00579776 -0.00255118 0.00602812 0.010972 -0.00531762
internal_weight=0 143.044 396.299 93.698 108.593 302.601
internal_count=2160 573 1587 375 435 1212
is_linear=0
shrinkage=0.03


Tree=11
num_leaves=7
num_cat=0
split_feature=8 7 12 28 6 6
split_gain=8.05684 9.29532 9.85754 8.86314 7.02862 4.11739
threshold=0.63895002007484447 0.68134999275207531 0.73719999194145214 1.5280500054359438 0.4890000075101853 0.65314999222755443
decision_type=8 10 2 8 10 10
left_child=1 3 -3 -1 -2 -6
right_child=4 2 -4 -5 5 -7
leaf_value=0.011605692509884215 -0.018867347811015234 0.012230682075379097 -0.0024836671211132481 -0.0046876658876312894 0.0054306258264613695 -0.0066230909601843043
leaf_weight=33.975035965442657 31.453450217843056 114.65659509599209 58.35635057091713 191.02347479760647 35.191050052642822 74.632068455219269
leaf_count=136 126 459 234 765 141 299
internal_value=0 0.00186186 0.00710946 -0.00205414 -0.006443 -0.00247582
internal_weight=0 398.011 173.013 224.999 141.277 109.823
internal_count=2160 1594 693 901 566 440
is_linear=0
shrinkage=0.03


Tree=12
num_leaves=7
num_cat=0
split_feature=28 28 28 24 9 11
split_gain=7.59143 12.2037 9.646 10.6053 9.35043 6.54809
threshold=5.6957499980926523 9.5553998947143572 2.0032999515533452 -3.4262000322341915 -2.2724999189376827 -0.33255000412464136
decision_type=10 10 8 2 10 2
left_child=2 4 3 -1 -2 -4
right_child=1 -3 5 -5 -6 -7
leaf_value=-0.0085098648189864887 0.019797155469291613 -0.0093374194932417543 -0.010034773970342147 0.012658914852430606 0.0015822574679913296 -0.00094027162014828365
leaf_weight=28.98372794687748 51.682096123695374 34.443659052252769 134.60991272330284 64.695220783352852 56.889831364154816 167.92253337800503
leaf_count=116 207 138 539 259 228 673
internal_value=0 0.00557995 -0.00245002 0.00577185 0.0106282 -0.00510538
internal_weight=0 143.016 396.211 93.6789 108.572 302.532
internal_count=2160 573 1587 375 435 1212
is_linear=0
shrinkage=0.03


Tree=13
num_leaves=8
num_cat=0
split_feature=8 7 30 5 23 3 4
split_gain=7.49993 8.75185 8.63405 8.50149 6.95346 4.49707 4.42641
threshold=0.63895002007484447 0.68134999275207531 1.8620500564575198 0.65549999475479137 1.6408999562263491 11.091249942779543 28.131499290466312
decision_type=8 10 2 10 2 2 2
left_child=1 2 -1 6 -3 -5 -2
right_child=3 4 -4 5 -6 -7 -8
leaf_value=0.0020351341856916865 -0.027257040636747918 0.0092380030290237867 -0.0102340431325027 -0.013497609008347781 -0.0081932344808447102 0.0019992205407420526 -0.0056483273780724855
leaf_weight=149.10023541748524 20.932373687624931 151.77799044549465 75.8541149944067 19.978225246071815 21.197024911642075 78.145991191267967 22.180833265185356
leaf_count=597 84 608 304 80 85 313 89
internal_value=0 0.00180093 -0.00199622 -0.00621264 0.00689466 -0.000957643 -0.0171999
internal_weight=0 397.929 224.954 141.237 172.975 98.1242 43.1132
internal_count=2160 1594 901 566 693 393 173
is_linear=0
shrinkage=0.03


Tree=14
num_leaves=7
num_cat=0
split_feature=28 28 6 7 27 9
split_gain=7.12231 11.5204 9.18007 24.4773 10.4911 8.6043
threshold=5.6957499980926523 9.5553998947143572 0.6788499951362611 0.68380001187324535 0.82304999232292186 -2.2724999189376827
decision_type=10 10 8 10 8 10
left_child=2 5 4 -4 -1 -2
right_child=1 -3 3 -5 -6 -7
leaf_value=0.0074814302000310575 0.019121783921642103 -0.0090772419167946625 -0.032680467950920208 -4.6498540881073268e-05 -0.0041052462601768279 0.0016103971838829936
leaf_weight=112.13072606921196 51.650793924927711 34.430072814226151 29.444753333926201 70.388723507523537 184.15951707959175 56.880364075303078
leaf_count=449 207 138 118 282 738 228
internal_value=0 0.00540687 -0.00237209 -0.0101977 0.000189223 0.0103166
internal_weight=0 142.961 396.124 99.8335 296.29 108.531
internal_count=2160 573 1587 400 1187 435
is_linear=0
shrinkage=0.03


Tree=15
num_leaves=5
num_cat=0
split_feature=6 7 6 22
split_gain=15.1457 15.3534 12.2123 9.00789
threshold=0.26319999992847448 0.52204999327659618 0.5538499951362611 -0.9087499976158141
decision_type=10 10 10 2
left_child=-1 3 -3 -2
right_child=1 2 -4 -5
leaf_value=0.018421531428021932 0.0027839323768666137 0.0086874852000473329 -0.002590279025469861 -0.018323283652814985
leaf_weight=34.701250568032265 21.224172413349152 119.80041261017323 299.10775478184223 68.143454983830452
leaf_count=139 85 480 1199 273
internal_value=0 -0.00177306 0.000576528 -0.0130032
internal_weight=0 508.276 418.908 89.3676
internal_count=2176 2037 1679 358
is_linear=0
shrinkage=0.03


Tree=16
num_leaves=5
num_cat=0
split_feature=6 7 30 6
split_gain=14.2784 14.4402 12.9921 11.496
threshold=0.26319999992847448 0.52204999327659618 1.2447999715805056 0.5538499951362611
decision_type=10 10 2 10
left_child=-1 2 -2 -3
right_child=1 3 -4 -5
leaf_value=0.017893225811578792 -0.00022177022140534546 0.0084282639307659973 -0.023704220344984532 -0.0025129277660049573
leaf_weight=34.683825641870499 43.960040763020515 119.81104528903961 45.380546137690544 299.09619745612144
leaf_count=139 176 480 182 1199
internal_value=0 -0.00171877 -0.0126121 0.000557521
internal_weight=0 508.248 89.3406 418.907
internal_count=2176 2037 358 1679
is_linear=0
shrinkage=0.03


Tree=17
num_leaves=6
num_cat=0
split_feature=28 30 12 28 2
split_gain=13.707 8.53972 10.6977 10.2286 4.09449
threshold=1.6217499971389773 1.3618499636650088 2.9186999797821049 2.1320500373840336 33.829149246215827
decision_type=8 2 2 10 2
left_child=4 3 -3 -2 -1
right_child=1 2 -4 -5 -6
leaf_value=0.02330006771350146 -0.013034969174352602 -0.0012174651497458056 -0.013109115923629018 0.0082852949771616991 0.0051724217736071826
leaf_weight=23.198731765151024 22.981323644518852 258.90736143290997 95.035109415650368 109.80058342218399 32.934025913476944
leaf_count=93 92 1037 382 440 132
internal_value=0 -0.00205022 -0.00452288 0.00430118 0.0134661
internal_weight=0 486.724 353.942 132.782 56.1328
internal_count=2176 1951 1419 532 225
is_linear=0
shrinkage=0.03


Tree=18
num_leaves=7
num_cat=0
split_feature=28 23 25 5 22 1
split_gain=12.9849 12.2435 14.9433 8.50201 7.17681 0.47756
threshold=1.7326000332832339 -1.6721000075340269 -24.527250289916989 0.89650002121925365 -0.13470000028610227 0.4350500106811524
decision_type=8 2 2 10 2 2
left_child=4 2 -2 -3 -1 -6
right_child=1 3 -4 -5 5 -7
leaf_value=0 -0.0047584593204689591 -0.0092507026968329416 0.014585184384515872 0.00022892950985669804 0.025045222897387556 0.011806533560266976
leaf_weight=25.443737015128136 66.136999666690826 198.84357656538486 72.862588316202164 137.79239945113659 20.190213993191719 21.457498803734779
leaf_count=102 265 798 292 552 81 86
internal_value=0 -0.00215907 0.00519881 -0.00529245 0.0118325 0.0193647
internal_weight=0 475.636 139 336.636 67.0914 41.6477
internal_count=2176 1907 557 1350 269 167
is_linear=0
shrinkage=0.03


Tree=19
num_leaves=7
num_cat=0
split_feature=15 29 5 11 25 11
split_gain=12.2871 10.1092 11.7696 11.0905 8.31844 11.8887
threshold=4.5000000000000009 -4.0193500518798819 0.44249999523162847 -2.5482000112533565 11.226199626922609 -2.8317500352859493
decision_type=2 2 10 2 2 2
left_child=1 3 -3 -1 5 -2
right_child=4 2 -4 -5 -6 -7
leaf_value=-0.0045925000392488683 -0.007344110986926891 -0.018880618234440334 -0.0029282963697146967 0.013296543926293014 -0.0073573470382164328 0.017257102546849291
leaf_weight=58.12134949862957 20.221533834934235 50.998038738965988 250.91200995445251 61.61651211977005 22.678251847624779 78.04324834048748
leaf_count=233 81 205 1006 247 91 313
internal_value=0 -0.0028117 -0.0057754 0.00439852 0.0079873 0.0118693
internal_weight=0 421.648 301.91 119.738 120.943 98.2648
internal_count=2176 1691 1211 480 485 394
is_linear=0
shrinkage=0.03


Tree=20
num_leaves=7
num_cat=0
split_feature=26 15 10 26 28 5
split_gain=9.91506 13.3214 11.5194 10.2718 8.56308 7.02593
threshold=-4.337549924850463 4.5000000000000009 -1.9679499864578245 -2.0586999654769893 9.5553998947143572 1.5109999775886538
decision_type=8 2 10 8 10 10
left_child=4 2 -2 -3 5 -1
right_child=1 3 -4 -5 -6 -7
leaf_value=0.019829057052757761 -0.011647218059931371 -0.0096377949657629487 -0.00044723187505791206 0.011677289019227575 -0.0071859321922840037 0
leaf_weight=48.880741342902184 143.69896772503853 24.198754966259003 206.75250107049942 86.245970189571381 20.718721076846123 20.674456208944321
leaf_count=196 576 97 830 346 83 83
internal_value=0 -0.00223496 -0.0051451 0.00669333 0.0085703 0.0137242
internal_weight=0 460.896 350.451 110.445 90.2739 69.5552
internal_count=2211 1849 1406 443 362 279
is_linear=0
shrinkage=0.03


Tree=21
num_leaves=8
num_cat=0
split_feature=27 25 9 6 32 27 30
split_gain=12.9357 10.1585 13.0903 10.8958 7.73015 11.6792 4.8298
threshold=1.230449974536896 -15.731800079345701 -0.649500012397766 0.97730001807212841 1.5000000000000002 0.86124998331069957 1.4505999684333803
decision_type=8 2 10 10 2 10 2
left_child=4 3 -3 -2 5 -1 -6
right_child=1 2 -4 -5 6 -7 -8
leaf_value=-0.0040598752507907589 0.014780742109215443 -0.021622173901994047 -0.0037498448251115147 -0.0075073760485031855 0.017678714990722814 0.014027333953993524 0
leaf_weight=111.25135111808777 43.921289101243019 46.606435894966125 197.98718148469925 32.459043487906456 53.003407269716263 43.663167417049408 22.177366182208061
leaf_count=446 176 187 795 130 213 175 89
internal_value=0 -0.00432565 -0.00735168 0.00494674 0.00496694 0.000902922 0.0128255
internal_weight=0 320.974 244.594 76.3803 230.095 154.915 75.1808
internal_count=2211 1288 982 306 923 621 302
is_linear=0
shrinkage=0.03


Tree=22
num_leaves=8
num_cat=0
split_feature=30 15 11 28 6 5 28
split_gain=10.4639 11.843 7.83581 7.505 7.96928 7.03748 5.66484
threshold=1.8820999860763552 4.5000000000000009 -1.3302499651908872 5.085749864578248 0.66929998993873607 1.2910000085830691 3.5943500995635991
decision_type=2 2 2 10 8 10 10
left_child=3 2 -2 4 -1 -5 -3
right_child=1 6 -4 5 -6 -7 -8
leaf_value=0.0036687479015276264 -0.013858268060431639 0.01792154722807824 -0.0025851803728986428 0.021031541428887437 -0.014165139591433997 0 0
leaf_weight=160.30169025063515 94.238178506493568 25.959030598402023 155.05590711534023 37.880461156368256 24.936362847685814 20.396191820502281 32.186134040355682
leaf_count=643 378 104 623 152 100 82 129
internal_value=0 -0.00409928 -0.00700484 0.00419963 0.00104373 0.013538 0.00775871
internal_weight=0 307.439 249.294 243.515 185.238 58.2767 58.1452
internal_count=2211 1234 1001 977 743 234 233
is_linear=0
shrinkage=0.03


Tree=23
num_leaves=8
num_cat=0
split_feature=27 23 15 27 15 12 6
split_gain=11.824 9.34807 8.49413 7.2528 5.21567 4.5367 4.23212
threshold=1.230449974536896 -1.2129499912261961 5.5000000000000009 0.49224999547004705 4.5000000000000009 3.0146499872207646 0.92945000529289257
decision_type=8 2 2 10 2 2 10
left_child=3 6 -3 5 -5 -1 -2
right_child=1 2 -4 4 -6 -7 -8
leaf_value=0.0025104694277998073 0.010720474395362218 -0.0092695800468527035 0.0072437849642722641 0.0055842279462925432 0.02064234485054223 -0.011595318168172546 -0.0025791262850687851
leaf_weight=80.924027219414711 44.422093242406845 211.99876263737679 29.457945242524147 92.530559957027435 30.618389815092087 25.932768538594246 34.951217502355576
leaf_count=325 178 852 118 371 123 104 140
internal_value=0 -0.00413123 -0.00710963 0.00475463 0.00970587 -0.000710444 0.00453165
internal_weight=0 320.83 241.457 230.006 123.149 106.857 79.3733
internal_count=2211 1288 970 923 494 429 318
is_linear=0
shrinkage=0.03


Tree=24
num_leaves=8
num_cat=0
split_feature=30 7 11 24 12 4 24
split_gain=9.30602 8.85596 16.0361 7.22559 7.92005 5.56361 3.4846
threshold=1.8820999860763552 0.61814999580383312 -1.1791499853134153 -24.723649978637692 0.032000000821426518 46.417200088500984 -33.340950012207024
decision_type=2 10 2 2 2 2 2
left_child=3 2 -2 6 -5 -3 -1
right_child=1 5 -4 4 -6 -7 -8
leaf_value=0.0051994835965744248 -0.030274444592476177 0.0016040234041632239 -0.0020586749595040538 0.0080242835407971971 -0.0039088134119197922 -0.01018026280739991 0.024114041859800379
leaf_weight=24.895437806844711 28.114676311612129 180.1594446003437 55.415758520364761 88.706453531980515 109.40834186971188 43.579788163304329 20.403978362679482
leaf_count=100 113 723 223 356 439 175 82
internal_value=0 -0.00386292 -0.0121562 0.00396476 0.00129706 -0.000592909 0.0147038
internal_weight=0 307.27 83.5304 243.414 198.115 223.739 45.2994
internal_count=2211 1234 336 977 795 898 182
is_linear=0
shrinkage=0.03


Tree=25
num_leaves=7
num_cat=0
split_feature=11 23 11 26 26 26
split_gain=12.8452 20.7594 11.8293 10.9712 6.28357 4.49836
threshold=-3.1551499366760249 1.2018499970436098 -3.571599960327148 -1.587849974632263 -0.2428999990224838 -2.6474999189376827
decision_type=2 2 2 10 10 8
left_child=2 4 5 -3 -2 -1
right_child=1 3 -4 -5 -6 -7
leaf_value=-0.0069200933918106538 0.0066739460233142534 0.01024012962270621 -0.023169165918777573 -0.010915968667978742 0.023168336497112869 0.0090682589558686872
leaf_weight=39.113837495446205 299.01613087952137 26.072377622127533 30.423415586352348 98.975520804524422 23.653657615184784 24.902458414435387
leaf_count=157 1200 105 122 398 95 100
internal_value=0 0.00398774 -0.00807584 -0.00622069 0.00804362 -0.000195356
internal_weight=0 447.718 94.4397 125.048 322.67 64.0163
internal_count=2177 1798 379 503 1295 257
is_linear=0
shrinkage=0.03


Tree=26
num_leaves=7
num_cat=0
split_feature=11 12 11 10 22 10
split_gain=12.1126 16.3079 11.1605 11.1043 11.0656 4.58094
threshold=-3.1551499366760249 2.7401499748229985 -3.571599960327148 -1.9679499864578245 1.0052500367164614 -7.457049846649169
decision_type=2 2 2 10 2 10
left_child=2 3 5 -2 -3 -1
right_child=1 4 -4 -5 -6 -7
leaf_value=-0.0083531200973838374 0.0020256790164970007 0 -0.022505262964891332 0.013653810172027811 -0.019885702065434174 0.0074081069534560444
leaf_weight=32.657608777284622 161.01841978728771 106.70456556975842 30.410947069525719 148.47953507304192 31.437032297253609 31.368510603904724
leaf_count=131 646 429 122 596 127 126
internal_value=0 0.00387273 -0.00784044 0.00772682 -0.00454001 -0.000174648
internal_weight=0 447.64 94.4371 309.498 138.142 64.0261
internal_count=2177 1798 379 1242 556 257
is_linear=0
shrinkage=0.03


Tree=27
num_leaves=7
num_cat=0
split_feature=30 12 12 8 12 28
split_gain=12.0686 8.50937 14.3912 9.90125 5.43355 7.68946
threshold=2.1357499361038212 2.8703999519348149 -0.69385001063346852 0.41895000636577612 5.5167000293731698 2.7883000373840336
decision_type=2 2 2 10 2 8
left_child=4 2 -2 -3 5 -1
right_child=1 3 -4 -5 -6 -7
leaf_value=0.013374677368651198 -0.0049471102728308831 -0.00065005833353914153 0.012518187574078502 -0.023559587411034848 -0.0036194975522577037 0.0021732186797060252
leaf_weight=117.24285006523132 133.68967065215111 40.41219037771225 60.812945827841759 32.407749697566032 39.104141384363174 118.31189331412315
leaf_count=471 536 163 244 131 157 475
internal_value=0 -0.00274495 0.000396217 -0.0114331 0.00615106 0.00790832
internal_weight=0 267.323 194.503 72.8199 274.659 235.555
internal_count=2177 1074 780 294 1103 946
is_linear=0
shrinkage=0.03


Tree=28
num_leaves=7
num_cat=0
split_feature=11 23 25 11 29 10
split_gain=11.3204 18.6883 11.4926 10.6353 6.41451 4.25425
threshold=-3.1551499366760249 1.2018499970436098 6.2038500308990487 -3.571599960327148 -0.62729999423027027 -7.457049846649169
decision_type=2 2 2 2 2 10
left_child=3 4 -3 5 -2 -1
right_child=1 2 -4 -5 -6 -7
leaf_value=-0.0080369758371449072 0.0062204773435099829 -0.02445120329058971 -0.0011971265064857936 -0.021950386207611871 0.023414231940043224 0.0071533395747260201
leaf_weight=32.652452543377876 300.6704502850771 23.613429754972458 101.29715313017368 30.390255451202393 21.846342369914055 31.369098499417305
leaf_count=131 1207 95 408 122 88 126
internal_value=0 0.00369552 -0.00599068 -0.00762951 0.00754664 -0.000137136
internal_weight=0 447.427 124.911 94.4118 322.517 64.0216
internal_count=2177 1798 503 379 1295 257
is_linear=0
shrinkage=0.03


Tree=29
num_leaves=7
num_cat=0
split_feature=5 21 12 6 4 12
split_gain=9.27609 11.0945 10.8414 8.15774 7.22991 6.6603
threshold=0.60150000452995311 0.51585000753402721 5.1613500118255624 0.66929998993873607 6.7881999015808114 2.8703999519348149
decision_type=10 2 2 8 2 2
left_child=2 4 3 -1 -2 -3
right_child=1 5 -4 -5 -6 -7
leaf_value=0.0060693732939569459 -0.0062441084848974763 0.00029484930015936088 -0.019485341084001056 -0.0074964971699963646 0.0093270541636119968 -0.017394377993377116
leaf_weight=82.390707895159721 27.152154967188835 62.891028389334679 31.390341803431511 75.116989716887474 238.06277200579643 24.715732127428055
leaf_count=331 109 252 127 302 956 100
internal_value=0 0.00450932 -0.00366311 -0.000217538 0.00760275 -0.00449707
internal_weight=0 352.822 188.898 157.508 265.215 87.6068
internal_count=2177 1417 760 633 1065 352
is_linear=0
shrinkage=0.03


Tree=30
num_leaves=7
num_cat=0
split_feature=7 12 7 10 5 15
split_gain=12.3962 12.7532 13.9662 11.0097 15.4671 8.41975
threshold=0.67734998464584362 6.7538499832153329 0.91324999928474437 -1.8896499872207639 0.70549997687339794 3.5000000000000004
decision_type=10 2 10 10 10 2
left_child=3 2 -2 5 -5 -1
right_child=1 -3 -4 4 -6 -7
leaf_value=-0.0065222460418788552 0.011217886734839682 -0.016408105558352034 -0.0050009458070388955 -0.0096959927731512918 0.0071872790049567446 -0.027311275931430828
leaf_weight=68.699695259332657 170.05865719914436 22.055573180317879 62.698208823800087 87.581135958433151 107.50340989232063 26.366659045219421
leaf_count=276 683 89 252 353 432 106
internal_value=0 0.00454265 0.00671794 -0.00450301 -0.000250085 -0.0128246
internal_weight=0 254.812 232.757 290.151 195.085 95.0664
internal_count=2191 1024 935 1167 785 382
is_linear=0
shrinkage=0.03


Tree=31
num_leaves=8
num_cat=0
split_feature=7 7 14 23 26 14 14
split_gain=11.7582 13.3827 10.5049 8.38925 6.0165 9.7342 9.49566
threshold=0.72124999761581432 0.91324999928474437 7.5000000000000009 0.15825000405311587 -0.47800000011920923 17.500000000000004 15.500000000000002
decision_type=10 10 2 2 10 2 2
left_child=4 3 -3 -2 6 -6 -1
right_child=1 2 -4 -5 5 -7 -8
leaf_value=-0.0096947468490435323 0.017150036340055561 -0.022064989529759563 0.0022340883371023365 0.0016423863680945954 0.010780009084907274 -0.011999364001303456 0.0025111801245615104
leaf_weight=182.77626992762089 78.947928965091705 21.631782323122025 48.470737159252167 59.714562475681305 52.674874886870384 22.804794371128082 77.883895874023438
leaf_count=734 317 87 195 240 212 92 314
internal_value=0 0.00530107 -0.00504691 0.0107461 -0.0037391 0.00343847 -0.00593737
internal_weight=0 208.765 70.1025 138.662 336.14 75.4797 260.66
internal_count=2191 839 282 557 1352 304 1048
is_linear=0
shrinkage=0.03


Tree=32
num_leaves=7
num_cat=0
split_feature=7 7 6 24 14 7
split_gain=11.101 14.8809 12.3513 11.6222 10.2985 7.46958
threshold=0.74715000391006481 0.91124999523162853 0.89750000834465038 3.6675000190734868 7.5000000000000009 0.53084999322891246
decision_type=10 10 10 2 2 10
left_child=2 3 5 -2 -3 -1
right_child=1 4 -4 -5 -6 -7
leaf_value=-0.0075107876599055908 0.019677759058646344 -0.021268779903438128 -0.021998692331407332 0 0.0024576444666728117 0.0017522729927997287
leaf_weight=121.32961656153202 71.945904091000557 22.351966425776482 28.57893992960453 42.283519193530083 49.713016673922539 208.6059533059597
leaf_count=488 289 90 115 170 200 839
internal_value=0 0.00565716 -0.00334396 0.0124238 -0.00468122 -0.00157585
internal_weight=0 186.294 358.515 114.229 72.065 329.936
internal_count=2191 749 1442 459 290 1327
is_linear=0
shrinkage=0.03


Tree=33
num_leaves=7
num_cat=0
split_feature=24 26 29 26 2 1
split_gain=5.72034 11.4937 8.5789 8.12553 6.58146 5.20102
threshold=6.9426000118255624 -1.7563500404357908 -0.62729999423027027 -0.1569000035524368 52.551099777221687 0.87014999985694896
decision_type=2 10 2 10 2 2
left_child=2 5 4 -3 -1 -2
right_child=1 3 -4 -5 -6 -7
leaf_value=0.003538403549981061 -0.0021660462353496673 -0.014211272348233458 0.018461058397610374 0.0022617377730852479 -0.0050852850817059026 0.016866580786065781
leaf_weight=229.35979934036732 20.796099305152893 91.534236684441566 25.046196609735489 33.552760869264603 119.75333148241043 24.666937544941902
leaf_count=922 84 369 101 135 481 99
internal_value=0 -0.00478681 0.00181758 -0.0095718 0.00048853 0.00765559
internal_weight=0 170.55 374.159 125.087 349.113 45.463
internal_count=2191 687 1504 504 1403 183
is_linear=0
shrinkage=0.03


Tree=34
num_leaves=6
num_cat=0
split_feature=11 23 10 29 10
split_gain=5.77684 11.7236 7.01595 6.24487 4.71925
threshold=4.0564498901367196 1.6814500093460085 3.5155999660491948 -0.62729999423027027 0.57645002007484447
decision_type=2 2 10 2 10
left_child=1 3 -2 -1 -3
right_child=2 4 -4 -5 -6
leaf_value=-0.00036862701314026742 0.022513056527285531 -0.022273097498259144 0 0.013026691853127324 -0.0050098796750251964
leaf_weight=396.62390638887882 20.37115815281868 27.74887503683567 25.19034968316555 32.749781146645546 41.917125388979912
leaf_count=1594 82 112 102 132 169
internal_value=0 -0.00118443 0.00984982 0.000611267 -0.0125285
internal_weight=0 499.04 45.5615 429.374 69.666
internal_count=2191 2007 184 1726 281
is_linear=0
shrinkage=0.03


Tree=35
num_leaves=7
num_cat=0
split_feature=11 6 23 11 11 5
split_gain=6.79597 11.6768 9.65673 8.86508 14.0695 4.29946
threshold=-0.33255000412464136 0.36994999647140508 -0.22585000097751615 2.1999999284744267 2.7888000011444096 2.1060000658035283
decision_type=2 10 2 2 2 10
left_child=1 -1 -3 5 -5 -2
right_child=3 2 -4 4 -6 -7
leaf_value=-0.019225539485097441 0.010815275586871705 0.00347504681463226 -0.010534135603954014 -0.016454233224786903 0.0052676497044189261 -0.0013537234737507411
leaf_weight=31.552366361021996 140.09462244808674 175.24192814528942 58.141075029969215 39.311188012361526 77.116429954767227 26.621314465999603
leaf_count=127 564 704 234 158 311 107
internal_value=0 -0.00239302 0 0.0042471 -0.00188882 0.00869676
internal_weight=0 264.935 233.383 283.144 116.428 166.716
internal_count=2205 1065 938 1140 469 671
is_linear=0
shrinkage=0.03


Tree=36
num_leaves=5
num_cat=0
split_feature=12 4 27 28
split_gain=14.0534 7.50491 5.45615 3.97018
threshold=7.7362999916076669 4.7446498870849618 1.1086999773979189 3.9351999759674077
decision_type=2 2 8 10
left_child=1 3 -3 -1
right_child=-2 2 -4 -5
leaf_value=-0.017751274594595658 -0.022531391717985343 0.006953830253981063 0.00035048136527478013 0
leaf_weight=23.397016748785973 20.830276221036911 197.03899210691452 285.38567806780338 21.40068681538105
leaf_count=94 84 793 1148 86
internal_value=0 0.00197532 0.00311838 -0.00947847
internal_weight=0 527.222 482.425 44.7977
internal_count=2205 2121 1941 180
is_linear=0
shrinkage=0.03


Tree=37
num_leaves=7
num_cat=0
split_feature=8 7 8 25 24 24
split_gain=6.86197 11.1817 6.72051 6.14362 13.6345 8.1806
threshold=0.63895002007484447 0.62735000252723705 1.0766000151634219 8.3233003616333026 6.5245499610900888 10.57730007171631
decision_type=8 10 10 2 2 2
left_child=3 -2 -3 4 -1 -5
right_child=1 2 -4 5 -6 -7
leaf_value=0.0025436119044817953 -0.017617613986101035 -0.010299927600784953 0.006484213398012053 0.024681250766217123 -0.022215955948314013 0.0037483635484215506
leaf_weight=299.64305303990841 41.56856095790863 30.83953694999218 63.408621102571487 23.885763823986053 20.349872410297394 68.259873896837234
leaf_count=1205 168 124 255 96 82 275
internal_value=0 -0.00482589 0.000626724 0.00289064 0.000811268 0.00970333
internal_weight=0 135.817 94.2482 412.139 319.993 92.1456
internal_count=2205 547 379 1658 1287 371
is_linear=0
shrinkage=0.03


Tree=38
num_leaves=5
num_cat=0
split_feature=12 14 15 1
split_gain=13.3608 5.1382 7.33188 7.26059
threshold=7.7362999916076669 14.500000000000002 3.5000000000000004 0.69430002570152294
decision_type=2 2 2 2
left_child=1 2 -1 -3
right_child=-2 3 -4 -5
leaf_value=-0.0036445809975592706 -0.022021635753139309 -0.0029856286510783472 0.0056871279210110558 0.0094050823438329399
leaf_weight=216.01973468065262 20.798962935805321 55.785153806209564 114.86248241364956 140.4191280156374
leaf_count=868 84 225 462 566
internal_value=0 0.00189078 -0.000307402 0.00573273
internal_weight=0 527.086 330.882 196.204
internal_count=2205 2121 1330 791
is_linear=0
shrinkage=0.03


Tree=39
num_leaves=5
num_cat=0
split_feature=12 10 7 10
split_gain=12.6226 6.16499 12.3934 9.78602
threshold=7.7362999916076669 -1.9679499864578245 0.76629999279975902 2.9904999732971196
decision_type=2 10 10 10
left_child=1 2 -1 -3
right_child=-2 3 -4 -5
leaf_value=-0.0080840735591168507 -0.021426047108644652 0.010886281472852515 0.0048700969337362897 -0.00041754088942828389
leaf_weight=127.77209636569023 20.764128550887108 130.93358692526817 134.31776773929596 134.01532463729382
leaf_count=514 84 527 540 540
internal_value=0 0.00183301 -0.00133792 0.00507576
internal_weight=0 527.039 262.09 264.949
internal_count=2205 2121 1054 1067
is_linear=0
shrinkage=0.03


Tree=40
num_leaves=8
num_cat=0
split_feature=27 14 26 6 8 26 1
split_gain=12.5653 8.40634 8.01636 7.64387 5.87575 8.64964 5.52012
threshold=0.97574999928474437 15.500000000000002 -1.5230000019073484 0.37375000119209295 0.43580000102519995 -0.37384998798370356 1.4013999700546267
decision_type=8 2 10 10 10 10 2
left_child=1 2 -1 -3 5 -2 -6
right_child=4 3 -4 -5 6 -7 -8
leaf_value=-0.0031275212979734032 -0.0010785119022194462 0 0.012336160177637607 0.022450192334958343 -0.010175777436101619 0.018785712006180101 0.0023470397648939836
leaf_weight=80.028387069702148 186.73626782000065 19.755350649356842 45.613137617707253 45.983041763305664 112.81785763800144 20.872576296329498 38.552528724074364
leaf_count=321 751 80 184 186 455 84 155
internal_value=0 0.00717588 0.00230263 0.0158662 -0.00229718 0.000855266 -0.00679498
internal_weight=0 191.38 125.642 65.7384 358.979 207.609 151.37
internal_count=2216 771 505 266 1445 835 610
is_linear=0
shrinkage=0.03


Tree=41
num_leaves=7
num_cat=0
split_feature=5 12 30 6 3 30
split_gain=12.3545 8.4926 12.1975 8.46136 6.49095 0.186408
threshold=0.43050000071525579 -9.8309001922607404 1.9223499894142153 0.6723499894142152 34.328350067138679 4.3552501201629648
decision_type=10 2 2 10 2 2
left_child=3 -2 -3 4 -1 -5
right_child=1 2 -4 5 -6 -7
leaf_value=-0.0098052878576295119 0.018557888030092961 0.0071405219450113699 -0.002966797920058569 -0.011338887465904982 0.010685676610995679 -0.023100399432362303
leaf_weight=30.037219882011414 29.16318416595459 205.97240099310875 217.84322001039982 21.096483379602432 24.035629466176033 22.020943582057953
leaf_count=121 117 830 877 85 97 89
internal_value=0 0.00305828 0.00187994 -0.00864799 -0.000123586 -0.0184132
internal_weight=0 452.979 423.816 97.1903 54.0728 43.1174
internal_count=2216 1824 1707 392 218 174
is_linear=0
shrinkage=0.03


Tree=42
num_leaves=6
num_cat=0
split_feature=27 12 7 26 12
split_gain=11.3034 8.27812 9.34983 5.26609 7.91473
threshold=0.97574999928474437 5.9001498222351083 0.70614999532699596 -6.5820000171661368 2.9186999797821049
decision_type=8 2 10 10 2
left_child=1 2 -1 -2 -5
right_child=3 -3 -4 4 -6
leaf_value=0.0042117145696959424 -0.015958654442519354 -0.0088196997869027186 0.020132116419671775 0.0016167969823164972 -0.0085975762103022175
leaf_weight=117.14291213452816 22.685085907578468 23.902801319956779 50.143486231565475 243.6804605871439 92.440422192215919
leaf_count=472 91 96 203 979 375
internal_value=0 0.00680359 0.00925334 -0.0021838 -0.00112056
internal_weight=0 191.189 167.286 358.806 336.121
internal_count=2216 771 675 1445 1354
is_linear=0
shrinkage=0.03


Tree=43
num_leaves=8
num_cat=0
split_feature=12 11 10 22 11 11 11
split_gain=7.87685 11.6721 10.074 8.98011 8.43051 7.95231 3.2931
threshold=2.9186999797821049 -2.7206499576568599 -13.897600173950194 -0.29710000753402704 3.5679500102996831 -3.619899988174438 0.61140000820159923
decision_type=2 2 10 2 2 2 2
left_child=1 5 -3 6 -5 -1 -2
right_child=3 2 -4 4 -6 -7 -8
leaf_value=0.0022187521087246838 0.013151237619333279 0.025937053607704326 0.0045214854686433433 -0.017647129312031936 0.00060454069460078854 -0.013211157345411544 -0.0010355799770898969
leaf_weight=59.686966210603714 21.386437982320786 21.373282968997955 269.92753411829472 58.154761835932732 31.936829850077629 54.181752651929855 33.148091301321983
leaf_count=240 86 86 1087 236 130 218 133
internal_value=0 0.00305519 0.00627878 -0.00504685 -0.0109121 -0.00491313 0.00412439
internal_weight=0 405.17 291.301 144.626 90.0916 113.869 54.5345
internal_count=2216 1631 1173 585 366 458 219
is_linear=0
shrinkage=0.03


Tree=44
num_leaves=8
num_cat=0
split_feature=27 14 21 11 12 6 21
split_gain=10.5886 7.79568 10.8771 7.33901 11.4376 7.16635 4.60642
threshold=0.97574999928474437 15.500000000000002 -0.06214999966323375 3.5679500102996831 3.7666000127792363 0.37375000119209295 0.42560000717639929
decision_type=8 2 2 2 2 10 2
left_child=1 2 -1 4 -2 -3 -5
right_child=3 5 -4 6 -6 -7 -8
leaf_value=-0.0022263107377400349 -0.0013603639310351911 0 0.019656981387940364 0.017066510091383182 -0.017739700048996748 0.021336726744120276 -0.00036864818955655867
leaf_weight=101.3300705999136 266.65855966508389 19.722710371017456 24.171162277460098 25.434861123561859 45.032465502619743 45.790041923522949 21.48787984251976
leaf_count=407 1072 80 98 103 183 186 87
internal_value=0 0.00656654 0.00187327 -0.00213522 -0.00387192 0.0149429 0.00861513
internal_weight=0 191.014 125.501 358.614 311.691 65.5128 46.9227
internal_count=2216 771 505 1445 1255 266 190
is_linear=0
shrinkage=0.03


Tree=45
num_leaves=8
num_cat=0
split_feature=5 3 27 23 9 27 30
split_gain=17.2201 6.02482 5.85808 6.50653 5.55817 5.20973 4.50242
threshold=0.63049998879432689 6.7925500869750985 1.0753999948501589 -0.54784998297691334 0.1621000021696091 1.0034500360488894 1.7983999848365786
decision_type=10 2 8 2 10 8 2
left_child=2 4 3 -1 -2 -3 -4
right_child=1 5 6 -5 -6 -7 -8
leaf_value=-0.009779773112022187 0.0019073965538684815 0.010512809207954098 0 0.0095280079725231018 -0.016309711883178288 0.001750995920904884 -0.014038148713745514
leaf_weight=30.590550199151039 32.314605489373207 102.68494422733784 25.371019214391708 30.222112119197845 23.6053856164217 175.80486921966076 108.69099977612495
leaf_count=123 130 415 102 122 95 707 440
internal_value=0 0.00325525 -0.00792187 0 -0.00540693 0.00511505 -0.0114039
internal_weight=0 334.41 194.875 60.8127 55.92 278.49 134.062
internal_count=2134 1347 787 245 225 1122 542
is_linear=0
shrinkage=0.03


Tree=46
num_leaves=7
num_cat=0
split_feature=5 11 11 30 26 0
split_gain=16.2285 8.86518 15.9294 12.6996 4.65996 5.647
threshold=0.63049998879432689 -0.36185000836849207 1.1032000184059145 1.7983999848365786 0.24115000665187838 -1.0660499930381773
decision_type=10 2 2 2 8 2
left_child=1 3 -3 -1 5 -2
right_child=4 2 -4 -5 -6 -7
leaf_value=0 -0.0072612300992909344 0.014037077703302325 -0.010572653896998218 -0.022656635912553423 -0.0090557545889162795 0.0056340593763284427
leaf_weight=37.305900394916534 31.519040018320084 36.859881490468979 61.38684456050396 59.181397005915642 23.594948381185532 279.22258459031582
leaf_count=150 127 149 249 239 95 1125
internal_value=0 -0.00769212 -0.000988974 -0.0141296 0.00316081 0.00421074
internal_weight=0 194.734 98.2467 96.4873 334.337 310.742
internal_count=2134 787 398 389 1347 1252
is_linear=0
shrinkage=0.03


Tree=47
num_leaves=8
num_cat=0
split_feature=5 11 11 7 3 21 8
split_gain=15.2777 8.37001 15.0141 6.82284 5.74867 7.55999 4.70694
threshold=0.63049998879432689 -0.36185000836849207 1.1032000184059145 0.64474999904632579 17.291299819946293 -0.89704999327659596 0.97604998946189891
decision_type=10 2 2 10 2 2 8
left_child=1 3 -3 -1 6 -6 -2
right_child=4 2 -4 -5 5 -7 -8
leaf_value=-0.023194633658361184 0.00060680188962420364 0.013624689415208948 -0.010268134727058882 -0.005968491735733091 0.020324542474028567 0.0035906651197198831 -0.014315794290743979
leaf_weight=40.802216947078705 106.55855686962605 36.86643759906292 61.341503620147705 55.577030658721924 29.078699856996536 177.26400057971478 21.399575188755989
leaf_count=165 429 149 249 224 118 714 86
internal_value=0 -0.00747226 -0.000949647 -0.0137326 0.00306 0.00618021 -0.00174786
internal_weight=0 194.587 98.2079 96.3792 334.301 206.343 127.958
internal_count=2134 787 398 389 1347 832 515
is_linear=0
shrinkage=0.03


Tree=48
num_leaves=6
num_cat=0
split_feature=27 11 4 4 21
split_gain=12.4076 9.44369 8.42524 6.25955 6.05184
threshold=0.94744998216629039 4.0900499820709237 49.505399703979499 8.0411000251770037 -0.06214999966323375
decision_type=8 2 2 2 2
left_child=3 2 -2 -1 -5
right_child=1 -3 -4 4 -6
leaf_value=-0.009216288319491733 -0.0032187985753351265 0.011988455569467444 -0.016273492606560549 0.0048168901585864676 0.021464585499516402
leaf_weight=20.081937059760094 265.96595865488052 28.114528477191925 55.49735526740551 134.47342212498188 24.555578827857971
leaf_count=81 1072 114 224 543 100
internal_value=0 -0.00407807 -0.00560907 0.00558991 0.00769298
internal_weight=0 349.578 321.463 179.111 159.029
internal_count=2134 1410 1296 724 643
is_linear=0
shrinkage=0.03


Tree=49
num_leaves=7
num_cat=0
split_feature=5 4 27 27 0 28
split_gain=14.3155 6.88842 5.39516 5.23658 7.13748 5.23076
threshold=0.63049998879432689 52.683101654052741 1.0753999948501589 1.0034500360488894 -1.0660499930381773 6.2648000717163095
decision_type=10 2 8 8 2 10
left_child=1 2 -1 4 -2 -5
right_child=3 -3 -4 5 -6 -7
leaf_value=0.0032235977889726601 -0.0062076941356826003 -0.019602603583470109 -0.0081603748147858774 -0.0029247415724181262 0.010899575278475789 0.0081281016320336602
leaf_weight=51.574544757604599 24.287399813532829 33.748235881328583 109.06593964993954 149.43855468928814 109.65283949673176 50.778712302446365
leaf_count=208 98 137 442 601 444 204
internal_value=0 -0.00721565 -0.00432256 0.00298356 0.00755218 0
internal_weight=0 194.389 160.64 334.158 133.94 200.217
internal_count=2134 787 650 1347 542 805
is_linear=0
shrinkage=0.03


Tree=50
num_leaves=7
num_cat=0
split_feature=4 25 25 7 27 26
split_gain=5.97769 8.71647 5.83903 11.4924 9.47509 5.00429
threshold=54.793649673461921 -8.1593499183654767 2.4501999616622929 0.76629999279975902 1.2644999623298647 -1.2387500405311582
decision_type=2 2 2 10 10 10
left_child=2 -2 3 -1 -4 -3
right_child=1 5 4 -5 -6 -7
leaf_value=-0.0050674332838964642 0.0050621309480497192 -0.024796189045462286 0.016402059703004426 0.0080562646722071845 0.0013960662555542538 -0.003442894321012737
leaf_weight=189.87051649391651 28.503166630864143 23.7806506305933 54.419482707977295 85.961360186338425 137.23286072909832 23.344624266028404
leaf_count=766 115 96 220 347 555 95
internal_value=0 -0.00716356 0.0018471 -0.000854814 0.00587574 -0.015133
internal_weight=0 75.6284 467.484 275.832 191.652 47.1253
internal_count=2194 306 1888 1113 775 191
is_linear=0
shrinkage=0.03


Tree=51
num_leaves=4
num_cat=0
split_feature=30 24 24
split_gain=5.5388 4.36363 6.53205
threshold=0.42379999160766607 36.786899566650398 15.771099567413332
decision_type=2 2 2
left_child=-1 2 -2
right_child=1 -3 -4
leaf_value=-0.012855292316427772 0.0018890876565128907 0.014523997646326444 -0.008882475865264557
leaf_weight=25.181029334664345 441.51677551865578 20.546142339706421 55.806181415915489
leaf_count=102 1783 83 226
internal_value=0 0.00124176 0.000604775
internal_weight=0 517.869 497.323
internal_count=2194 2092 2009
is_linear=0
shrinkage=0.03


Tree=52
num_leaves=8
num_cat=0
split_feature=12 11 11 27 7 9 10
split_gain=11.0438 15.4589 7.9164 11.3894 7.0901 5.73617 4.51541
threshold=2.7401499748229985 0.87624999880790722 1.2727000117301943 1.8271999955177309 0.70464998483657848 0.88760000467300426 -1.8896499872207639
decision_type=2 2 2 10 10 10 10
left_child=1 6 3 -2 -3 -4 -1
right_child=2 4 5 -5 -6 -7 -8
leaf_value=-0.0032469843772592274 0.011198381900063926 0.003980465801530623 -0.021312423066918371 -0.015444881321404196 0.020401831529310424 -0.00459902115555085 0.0045050325221407351
leaf_weight=185.68635301291943 39.813015878200531 51.316842764616013 36.955691486597061 21.026495903730392 55.138475835323334 49.062333732843399 104.05248439311981
leaf_count=749 161 207 149 86 222 200 420
internal_value=0 0.00314876 -0.00644081 0.00140433 0.0128758 -0.0122867 -0.000353936
internal_weight=0 396.194 146.858 60.8395 106.455 86.018 289.739
internal_count=2194 1598 596 247 429 349 1169
is_linear=0
shrinkage=0.03


Tree=53
num_leaves=7
num_cat=0
split_feature=4 10 4 10 0 9
split_gain=5.68474 7.28683 5.40793 4.5759 3.81416 3.56537
threshold=47.052148818969734 -11.534049987792967 5.0839500427246103 -1.6156499981880186 0.32445000112056738 1.2019999623298647
decision_type=2 10 2 10 2 10
left_child=2 -2 4 -4 -1 -3
right_child=1 5 3 -5 -6 -7
leaf_value=-0.01668773772371069 0.0095595007810086851 -0.004762057302581872 0 0.0066297134789017409 0 -0.018930425188610989
leaf_weight=19.836289644241333 20.83205708861351 65.263620749115944 185.81398747861385 192.56874166429043 32.757883489131927 25.835480883717537
leaf_count=80 84 264 750 779 132 105
internal_value=0 -0.00544451 0.00209295 0.00340154 -0.00664956 -0.00926782
internal_weight=0 111.931 430.977 378.383 52.5942 91.0991
internal_count=2194 453 1741 1529 212 369
is_linear=0
shrinkage=0.03


Tree=54
num_leaves=7
num_cat=0
split_feature=12 25 4 28 10 15
split_gain=10.48 10.9111 9.99229 7.94013 7.39993 4.61659
threshold=2.7401499748229985 2.2285499572753911 55.264799118041999 2.9810999631881718 2.5993500947952275 3.5000000000000004
decision_type=2 2 2 10 10 2
left_child=1 4 5 -3 -1 -2
right_child=2 3 -4 -5 -6 -7
leaf_value=0.0016027758989537223 -0.0060718294948700329 0.020000843022885056 -0.025748108579241848 0.0038311851865384466 -0.012816626997581078 0.0071986183494892522
leaf_weight=234.90876686573029 98.609285145998001 47.698783785104752 19.84503547847271 77.56271804869175 35.950347483158112 28.295371174812317
leaf_count=948 400 193 81 312 145 115
internal_value=0 0.00304576 -0.00629879 0.0103357 -0.000240823 -0.00284528
internal_weight=0 396.121 146.75 125.262 270.859 126.905
internal_count=2194 1598 596 505 1093 515
is_linear=0
shrinkage=0.03


Tree=55
num_leaves=7
num_cat=0
split_feature=11 11 25 10 27 11
split_gain=8.74496 14.9708 13.7712 10.1995 7.06079 5.69363
threshold=-3.1551499366760249 -3.571599960327148 -17.720399856567379 -1.8896499872207639 2.0638999938964848 -4.5835499763488761
decision_type=2 2 2 10 10 2
left_child=1 5 4 -4 -2 -1
right_child=2 -3 3 -5 -6 -7
leaf_value=-0.006827372826584242 0.029560249124945086 -0.025026871793738109 -0.0060732607981695257 0.003790257492451344 0.0036388129865431548 0.010012588308996066
leaf_weight=46.18086664378643 21.789091184735298 30.734374091029167 150.98921924829483 247.74496342241764 21.884654685854912 28.176770716905594
leaf_count=186 88 124 610 1003 88 114
internal_value=0 -0.00776871 0.00181923 0 0.0176149 0
internal_weight=0 105.092 442.408 398.734 43.6737 74.3576
internal_count=2213 424 1789 1613 176 300
is_linear=0
shrinkage=0.03


Tree=56
num_leaves=7
num_cat=0
split_feature=11 11 9 9 11 9
split_gain=8.24951 14.145 6.68379 7.11232 5.36623 3.57972
threshold=-3.1551499366760249 -3.571599960327148 -2.4794499874114986 -1.6532999873161314 -4.5835499763488761 -3.1292999982833858
decision_type=2 2 10 10 2 10
left_child=1 4 5 -4 -1 -2
right_child=2 -3 3 -5 -6 -7
leaf_value=-0.0066266246529568095 0.0048023146289942129 -0.024337079995538 -0.013096900249286321 0.0014418297996675127 0.0097215167349427364 0.020812161969677393
leaf_weight=46.182744473218918 49.822306931018829 30.686381280422211 32.201435580849648 339.52929221093655 28.17969037592411 20.818616420030594
leaf_count=186 201 124 130 1374 114 84
internal_value=0 -0.00754507 0.00176896 7.01563e-05 0 0.010164
internal_weight=0 105.049 442.372 371.731 74.3624 70.6409
internal_count=2213 424 1789 1504 300 285
is_linear=0
shrinkage=0.03


Tree=57
num_leaves=6
num_cat=0
split_feature=11 11 10 10 11
split_gain=7.78096 13.3691 12.4965 12.3877 5.05785
threshold=-3.1551499366760249 -3.571599960327148 -12.29680013656616 -2.8003499507904048 -4.5835499763488761
decision_type=2 2 10 10 2
left_child=1 4 -2 -4 -1
right_child=2 -3 3 -5 -6
leaf_value=-0.0064319262866161702 0.017627949679394309 -0.023672178378150829 -0.0074962734860930099 0.0037347959238694765 0.0094393630423385
leaf_weight=46.183558642864227 39.405730947852135 30.630770653486252 129.22436651587486 273.72244349122047 28.181218415498734
leaf_count=186 159 124 522 1108 114
internal_value=0 -0.00732859 0.00171896 4.91025e-05 0
internal_weight=0 104.996 442.353 402.947 74.3648
internal_count=2213 424 1789 1630 300
is_linear=0
shrinkage=0.03


Tree=58
num_leaves=7
num_cat=0
split_feature=11 25 11 10 25 11
split_gain=7.33645 12.8186 12.6394 9.25309 5.38505 4.76735
threshold=-3.1551499366760249 -17.720399856567379 -3.571599960327148 -1.8896499872207639 -28.2995491027832 -4.5835499763488761
decision_type=2 2 2 10 2 2
left_child=2 4 5 -3 -2 -1
right_child=1 3 -4 -5 -6 -7
leaf_value=-0.0062430791018140601 0.0034151909589683936 -0.0058696881057222101 -0.023030649063412154 0.0035256262878865918 0.026613552021001161 0.0091658051760420221
leaf_weight=46.183398485183716 20.073626130819321 150.97061125934124 30.568282663822174 247.74440830945969 23.52646404504776 28.181469962000847
leaf_count=186 81 610 124 1003 95 114
internal_value=0 0.00166849 -0.00711898 0 0.0169216 0
internal_weight=0 442.315 104.933 398.715 43.6001 74.3649
internal_count=2213 1789 424 1613 176 300
is_linear=0
shrinkage=0.03


Tree=59
num_leaves=7
num_cat=0
split_feature=11 25 11 10 25 11
split_gain=6.9226 12.1357 11.9528 8.70593 4.62335 4.49368
threshold=-3.1551499366760249 -17.321549415588375 -3.571599960327148 -2.8610000610351558 -28.2995491027832 -4.5835499763488761
decision_type=2 2 2 10 2 2
left_child=2 4 5 -3 -2 -1
right_child=1 3 -4 -5 -6 -7
leaf_value=-0.0060598928557817257 0.0033181692160656781 -0.0063765446715169736 -0.02241110882119186 0.0030418149234521475 0.024707515252357055 0.0089005369937741417
leaf_weight=46.182347998023033 20.07004688680172 130.93506824970245 30.499606072902679 266.03913046419621 25.23936140537262 28.18055248260498
leaf_count=186 81 529 124 1077 102 114
internal_value=0 0.00162248 -0.00691594 0 0.016157 0
internal_weight=0 442.284 104.863 396.974 45.3094 74.3629
internal_count=2213 1789 424 1606 183 300
is_linear=0
shrinkage=0.03


Tree=60
num_leaves=8
num_cat=0
split_feature=12 14 22 11 23 6 23
split_gain=8.80772 6.89676 6.72289 6.53414 6.19474 8.13566 6.82279
threshold=1.2896499633789065 17.500000000000004 -0.25270000100135798 1.9474999904632571 0.02120000030845404 0.432549998164177 -1.6269500255584715
decision_type=2 2 2 2 2 10 2
left_child=1 3 -3 -1 6 -6 -2
right_child=4 2 -4 -5 5 -7 -8
leaf_value=-0.0027898899800377812 0 0.017649432275755546 0 0.011703265136999784 0.0099286615716978818 -0.0068619617976376128 -0.019977551671143876
leaf_weight=229.03136168420315 21.57040473818779 39.300498351454735 32.881471514701843 30.516877546906471 32.78938016295433 101.95334757864475 48.624069541692734
leaf_count=924 87 160 133 123 133 414 196
internal_value=0 0.00125312 0.00942667 -0.00093231 -0.00659088 -0.00251195 -0.013854
internal_weight=0 331.73 72.182 259.548 204.937 134.743 70.1945
internal_count=2170 1340 293 1047 830 547 283
is_linear=0
shrinkage=0.03


Tree=61
num_leaves=5
num_cat=0
split_feature=24 24 24 0
split_gain=7.46114 6.66977 10.8947 3.68526
threshold=36.786899566650398 6.3220999240875253 2.1509500741958623 -0.14379999786615369
decision_type=2 2 2 2
left_child=1 2 -1 -3
right_child=-2 3 -4 -5
leaf_value=-0.0024923317356159969 0.014440684595595311 -0.014121298253375263 0.011737495691913158 -0.0036422033147716169
leaf_weight=310.006476521492 23.274324506521225 55.031790494918823 56.254819586873055 91.948044806718826
leaf_count=1253 94 223 228 372
internal_value=0 -0.00245581 -0.000199049 -0.0078374
internal_weight=0 513.241 366.261 146.98
internal_count=2170 2076 1481 595
is_linear=0
shrinkage=0.03


Tree=62
num_leaves=8
num_cat=0
split_feature=12 27 12 23 6 14 8
split_gain=8.3061 5.77858 7.48053 6.31139 5.70136 9.37539 2.62813
threshold=2.7401499748229985 2.1207000017166142 6.0503499507904062 2.6424000263214116 0.32885000109672552 17.500000000000004 0.23730000108480456
decision_type=2 10 2 2 10 2 8
left_child=4 2 -2 -3 6 -6 -1
right_child=1 3 -4 -5 5 -7 -8
leaf_value=-0.0020597232503280715 0.0031683807950605956 -0.024048963001578154 -0.013116990508812045 -0.0008917735093000314 -0.00011603348671115851 0.012425270600506171 -0.016296986858656753
leaf_weight=39.806067690253258 62.343313753604889 31.213722005486488 39.563854888081551 20.084086447954178 257.64563590288162 65.293147340416908 20.504996865987778
leaf_count=162 252 128 160 82 1038 265 83
internal_value=0 -0.00748931 -0.00292866 -0.0157465 0.000700541 0.00235754 -0.00757638
internal_weight=0 153.205 101.907 51.2978 383.25 322.939 60.3111
internal_count=2170 622 412 210 1548 1303 245
is_linear=0
shrinkage=0.03


Tree=63
num_leaves=4
num_cat=0
split_feature=25 28 25
split_gain=6.08487 7.01057 8.96435
threshold=36.748100280761726 9.5553998947143572 -12.635399818420408
decision_type=2 8 2
left_child=1 2 -1
right_child=-2 -3 -4
leaf_value=0.0059716225079316718 0.013600089883850589 -0.015792514072561461 -0.0035933693856901091
leaf_weight=113.23079980909824 21.322667554020882 31.69668447971344 370.06394284963608
leaf_count=458 86 128 1498
internal_value=0 -0.00226281 -0.00128274
internal_weight=0 514.991 483.295
internal_count=2170 2084 1956
is_linear=0
shrinkage=0.03


Tree=64
num_leaves=5
num_cat=0
split_feature=24 24 26 14
split_gain=6.76357 5.9681 10.8424 4.13287
threshold=36.786899566650398 6.3220999240875253 -0.43925000727176661 19.500000000000004
decision_type=2 2 10 2
left_child=1 2 -1 -3
right_child=-2 3 -4 -5
leaf_value=-0.0021725667371644622 0.013796525518594427 -0.0046529198866795312 0.013371190485972077 -0.018561963199278563
leaf_weight=321.09995979070663 23.295066431164742 121.33248370885849 45.118723601102829 25.448850676417351
leaf_count=1298 94 491 183 104
internal_value=0 -0.00228262 -0.000144659 -0.00737675
internal_weight=0 513 366.219 146.781
internal_count=2170 2076 1481 595
is_linear=0
shrinkage=0.03


Tree=65
num_leaves=7
num_cat=0
split_feature=12 10 29 10 10 6
split_gain=7.08639 8.73749 12.4123 10.8058 8.26032 5.06903
threshold=2.9186999797821049 -1.8896499872207639 -1.0754499435424802 2.9904999732971196 -3.9273499250411983 0.42405000329017645
decision_type=2 10 2 10 10 10
left_child=1 2 -1 -3 -2 -6
right_child=4 3 -4 -5 5 -7
leaf_value=0.00043943790332230692 0.0088980207930251781 0.012341622352872582 -0.018587147060433729 -0.0026082708998054764 0.0013862628222870768 -0.013111119367344971
leaf_weight=194.47086165845394 23.231245294213295 107.46371167898178 35.091816022992134 67.431857973337173 23.447663858532906 91.325865119695663
leaf_count=785 95 435 142 272 95 372
internal_value=0 0.00134461 -0.00240692 0.006425 -0.00648175 -0.00990386
internal_weight=0 404.458 229.563 174.896 138.005 114.774
internal_count=2196 1634 927 707 562 467
is_linear=0
shrinkage=0.03


Tree=66
num_leaves=4
num_cat=0
split_feature=6 8 6
split_gain=6.44106 6.7386 4.85702
threshold=0.26319999992847448 -2.8394500017166133 0.32885000109672552
decision_type=8 8 10
left_child=-1 -2 -3
right_child=1 2 -4
leaf_value=0.011649789415920646 0.014073276717783096 -0.013142762865071418 -0.0013858900242443729
leaf_weight=34.681967750191689 22.357645183801651 34.187671080231667 451.07999128103256
leaf_count=142 91 138 1825
internal_value=0 -0.00149477 -0.00230119
internal_weight=0 507.625 485.268
internal_count=2196 2054 1963
is_linear=0
shrinkage=0.03


Tree=67
num_leaves=8
num_cat=0
split_feature=12 0 4 1 25 29 12
split_gain=6.58833 7.27979 8.95548 5.67198 5.07905 3.85598 2.45663
threshold=2.9186999797821049 0.11075000092387201 45.216400146484382 1.0590000152587893 -25.453499794006344 -1.3479000329971311 5.4612498283386239
decision_type=2 2 2 2 2 2 2
left_child=1 4 -3 5 -1 -2 -5
right_child=3 2 -4 6 -6 -7 -8
leaf_value=-0.0047725085705445603 -0.014894303568742712 -0.00025444133699276074 -0.019919993595240347 -0.0049232333568476911 0.0066327209613116596 0 0.0078332247989284873
leaf_weight=38.578503236174583 61.629971638321877 139.00861765444279 24.249307498335838 23.678006634116173 202.48834964632988 25.965091124176979 26.621679380536079
leaf_count=156 251 561 98 96 819 107 108
internal_value=0 0.00131303 -0.00346157 -0.00623567 0.00467141 -0.0108468 0.00126455
internal_weight=0 404.325 163.258 137.895 241.067 87.5951 50.2997
internal_count=2196 1634 659 562 975 358 204
is_linear=0
shrinkage=0.03


Tree=68
num_leaves=8
num_cat=0
split_feature=12 11 21 1 11 1 2
split_gain=6.2048 8.83214 7.65214 5.35549 5.33523 2.79985 2.42271
threshold=2.9186999797821049 -2.7206499576568599 -0.20539999753236768 1.0590000152587893 3.5243500471115117 0.49005000293254858 54.05945014953614
decision_type=2 2 2 2 2 2 2
left_child=1 2 -1 5 -3 -2 -5
right_child=3 4 -4 6 -6 -7 -8
leaf_value=0.00087183023570001125 0 0.0027778292978187747 -0.014329500384659284 0.0075809989399715245 0.018439745203505043 -0.013396160465068668 -0.0051154471044567622
leaf_weight=62.648344621062279 19.623205125331879 269.89542636275291 50.411484137177467 27.329945147037506 21.32671694457531 67.893954142928123 22.978207647800446
leaf_count=253 80 1091 204 111 86 278 93
internal_value=0 0.00126576 -0.00570937 -0.00606043 0.00408662 -0.0105454 0.00121053
internal_weight=0 404.282 113.06 137.825 291.222 87.5172 50.3082
internal_count=2196 1634 457 562 1177 358 204
is_linear=0
shrinkage=0.03


Tree=69
num_leaves=4
num_cat=0
split_feature=8 26 7
split_gain=5.54985 5.54716 4.79945
threshold=-2.8394500017166133 -7.2119498252868643 0.68380001187324535
decision_type=8 10 10
left_child=-1 -2 -3
right_child=1 2 -4
leaf_value=0.013686578081104813 -0.015754656839762765 -0.0030752396879988437 0.0028498296039473278
leaf_weight=22.317236021161079 21.756358414888382 286.4460137784481 211.40378960967064
leaf_count=91 88 1161 856
internal_value=0 -0.0012239 -0.000498448
internal_weight=0 519.606 497.85
internal_count=2196 2105 2017
is_linear=0
shrinkage=0.03


Tree=70
num_leaves=7
num_cat=0
split_feature=30 5 24 26 23 1
split_gain=6.72115 5.99905 5.22794 5.15779 7.81441 4.01277
threshold=1.9569500088691714 0.70549997687339794 26.822850227355961 -7.2119498252868643 -1.6269500255584715 0.61959999799728405
decision_type=2 10 2 10 2 2
left_child=3 5 -3 -1 -5 -2
right_child=1 2 -4 4 -6 -7
leaf_value=-0.010144086964987085 -0.00076005260358640329 -0.0018640536799514635 0.013409164821220286 0.01283074353994919 0.00068022826102385396 -0.012427184764089456
leaf_weight=21.64284048974514 48.097666949033737 135.31372511386871 22.569442212581635 70.57645608484745 160.51063901185989 80.443516820669174
leaf_count=88 196 545 91 286 650 328
internal_value=0 -0.00353999 0.000201094 0.00314725 0.00455968 -0.00833272
internal_weight=0 286.424 157.883 252.73 231.087 128.541
internal_count=2184 1160 636 1024 936 524
is_linear=0
shrinkage=0.03


Tree=71
num_leaves=8
num_cat=0
split_feature=30 7 4 11 30 11 5
split_gain=6.33382 5.79931 6.23644 5.78215 6.38869 5.15772 5.07913
threshold=1.9569500088691714 0.60600000619888317 21.942799568176273 1.2727000117301943 0.6645999848842622 -1.1791499853134153 0.66950002312660228
decision_type=2 10 2 2 2 2 10
left_child=3 5 -3 4 -1 -2 -5
right_child=1 2 -4 6 -6 -7 -8
leaf_value=-0.003619582789980732 -0.022634824494748042 0.0047684462749780325 -0.0054248721492029884 -0.015534298700863324 0.008771433751583459 -0.0043109053326015447 0.0014796373337487546
leaf_weight=45.623565748333931 22.81093929708004 94.361090615391731 120.95675037801266 23.247422978281975 146.45223845541477 48.19943630695343 37.365405172109604
leaf_count=185 93 381 490 94 594 196 151
internal_value=0 -0.00343832 -0.000817665 0.00305378 0.00566933 -0.0108464 -0.00470519
internal_weight=0 286.328 215.318 252.689 192.076 71.0104 60.6128
internal_count=2184 1160 871 1024 779 289 245
is_linear=0
shrinkage=0.03


Tree=72
num_leaves=6
num_cat=0
split_feature=28 28 23 1 26
split_gain=4.84033 6.48914 6.41254 7.82582 7.02214
threshold=1.5741500258445742 1.2750499844551089 -1.6269500255584715 1.2633000016212466 -7.2119498252868643
decision_type=8 10 2 2 10
left_child=1 -1 4 -4 -2
right_child=2 -3 3 -5 -6
leaf_value=-0.00017835126405902897 -0.0070666807125357922 0.020369600860763146 -0.0061033405233146803 0.0042601158463118696 0.0079242520604908724
leaf_weight=28.242187395691872 35.265983268618584 21.718513056635857 264.34769679605961 82.821464821696281 106.44388131797314
leaf_count=116 143 88 1072 334 431
internal_value=0 0.00838983 -0.0013009 -0.00353971 0.00396001
internal_weight=0 49.9607 488.879 347.169 141.71
internal_count=2184 204 1980 1406 574
is_linear=0
shrinkage=0.03


Tree=73
num_leaves=8
num_cat=0
split_feature=30 12 10 11 4 30 15
split_gain=5.82081 11.0099 8.91337 6.47109 3.94676 7.81207 4.26061
threshold=1.9569500088691714 -1.5442500114440916 -1.9679499864578245 1.1316999793052676 29.767899513244632 2.5628000497817998 2.5000000000000004
decision_type=2 2 10 2 2 2 2
left_child=1 2 -1 -3 6 -6 -2
right_child=4 3 -4 -5 5 -7 -8
leaf_value=0.0041662680400943713 0.0039624576652333128 0.0024673820519925164 0.024778179926390486 -0.010047940530334263 -0.021537833786621552 -0.002771456281831737 -0.0054937167945940954
leaf_weight=65.187497735023499 92.320321008563042 103.04538816213608 29.089802637696266 55.225614979863167 27.026718243956566 89.090877801179886 77.710354924201965
leaf_count=264 374 418 119 223 110 362 314
internal_value=0 0.00293078 0.0110344 -0.00174691 -0.0032943 -0.00754214 -0.000190811
internal_weight=0 252.548 94.2773 158.271 286.148 116.118 170.031
internal_count=2184 1024 383 641 1160 472 688
is_linear=0
shrinkage=0.03


Tree=74
num_leaves=6
num_cat=0
split_feature=27 26 8 24 10
split_gain=5.23401 8.96362 7.55377 5.53313 8.06302
threshold=2.5478500127792363 -0.3377500027418136 -0.071800000965595231 29.344200134277347 3.1412500143051152
decision_type=8 10 10 2 8
left_child=1 2 -1 4 -2
right_child=3 -3 -4 -5 -6
leaf_value=0.0035948897554682565 -0.0030886973235731648 0.015786095300043827 -0.0054083306577731739 0.0063064007546424989 -0.021251454350624862
leaf_weight=211.42906782031059 96.438943728804588 34.889370813965797 137.56816883385181 28.125457614660263 30.075493305921555
leaf_count=857 390 142 558 114 123
internal_value=0 0.00150899 0 -0.00499668 -0.00777448
internal_weight=0 383.887 348.997 154.64 126.514
internal_count=2184 1557 1415 627 513
is_linear=0
shrinkage=0.03


Tree=75
num_leaves=5
num_cat=0
split_feature=22 6 2 6
split_gain=6.8805 7.54283 9.06506 8.97735
threshold=-3.294449925422668 0.7238999903202058 7.7006998062133798 0.79910001158714306
decision_type=2 10 2 10
left_child=-1 2 -2 -3
right_child=1 3 -4 -5
leaf_value=0.016146143095431928 0.016499015230294678 -0.016615163046541603 0.00016054416785662079 -0.0010279573955423631
leaf_weight=22.106390684843063 33.253849700093269 48.783974796533585 322.29301984608173 114.96387602388859
leaf_count=90 135 198 1308 466
internal_value=0 -0.000575284 0.00181479 -0.00592648
internal_weight=0 519.295 355.547 163.748
internal_count=2197 2107 1443 664
is_linear=0
shrinkage=0.03


Tree=76
num_leaves=4
num_cat=0
split_feature=22 26 24
split_gain=6.4978 8.25988 5.94533
threshold=-3.294449925422668 -6.8534500598907462 6.9426000118255624
decision_type=2 10 2
left_child=-1 -2 -3
right_child=1 2 -4
leaf_value=0.01570277500846599 -0.018985358951344497 0.0024797871788705809 -0.0044933460385955075
leaf_weight=22.077324643731117 20.035723581910133 337.73402568697929 161.48345941305161
leaf_count=90 81 1369 657
internal_value=0 -0.000556415 0.000159718
internal_weight=0 519.253 499.217
internal_count=2197 2107 2026
is_linear=0
shrinkage=0.03


Tree=77
num_leaves=6
num_cat=0
split_feature=27 0 30 6 6
split_gain=6.90732 8.73402 6.17995 5.92427 6.90931
threshold=2.0455499887466435 1.0198000073432925 3.596599936485291 0.99400001764297496 0.7238999903202058
decision_type=8 2 2 10 10
left_child=3 2 -2 4 -1
right_child=1 -3 -4 -5 -6
leaf_value=0.0036362774587983212 -0.013117027272542242 0.011098086193058392 -0.0014848327166300758 0.016814669121791657 -0.0080889872677926689
leaf_weight=258.17164726555347 76.806110307574272 26.821024969220161 102.13080182671547 24.477466985583305 52.813949897885323
leaf_count=1048 312 108 415 99 215
internal_value=0 -0.00418343 -0.00668966 0.00278044 0.0015293
internal_weight=0 205.758 178.937 335.463 310.986
internal_count=2197 835 727 1362 1263
is_linear=0
shrinkage=0.03


Tree=78
num_leaves=4
num_cat=0
split_feature=22 28 3
split_gain=6.04833 11.0867 5.44563
threshold=-3.294449925422668 9.5553998947143572 45.079999923706062
decision_type=2 8 2
left_child=-1 2 -2
right_child=1 -3 -4
leaf_value=0.015160393124921491 -0.0010645280105676326 -0.018551854839638695 0.0067371771662838214
leaf_weight=22.037599697709084 391.39375026524067 28.119813680648804 99.543486729264259
leaf_count=90 1589 114 404
internal_value=0 -0.000539482 0.000466859
internal_weight=0 519.057 490.937
internal_count=2197 2107 1993
is_linear=0
shrinkage=0.03


Tree=79
num_leaves=6
num_cat=0
split_feature=8 12 0 1 0
split_gain=10.391 8.96286 8.55038 6.8227 5.75857
threshold=0.43580000102519995 3.3156000375747685 -1.1816500425338743 1.414449989795685 -0.45469999313354487
decision_type=10 2 2 2 2
left_child=2 3 -1 -2 -4
right_child=1 -3 4 -5 -6
leaf_value=-0.015331856895469138 -0.0065176531103591801 -0.01995251841222272 0.01329548301144479 0.0086300875803426921 0.0023206891456803041
leaf_weight=20.247712925076485 97.886504352092743 33.122147724032402 52.024604812264442 34.563627541065216 303.17456889152527
leaf_count=82 396 137 211 139 1232
internal_value=0 -0.00611394 0.00288252 -0.00230491 0.00404516
internal_weight=0 165.572 375.447 132.45 355.199
internal_count=2197 672 1525 535 1443
is_linear=0
shrinkage=0.03


Tree=80
num_leaves=8
num_cat=0
split_feature=2 3 5 24 29 3 27
split_gain=4.41978 5.05079 4.88473 7.08337 4.7369 4.46775 4.31257
threshold=38.882999420166023 25.786350250244144 0.55050000548362743 7.6761999130249032 -2.3905500173568721 10.283950328826906 2.1842999458312993
decision_type=2 2 10 2 2 2 8
left_child=1 6 3 -2 -3 -4 -1
right_child=2 4 5 -5 -6 -7 -8
leaf_value=0 -0.0031882442043171498 -0.00018739596110910274 -0.0072388429117779315 -0.024463688765474612 0.0092593442515155056 0.0018275128882797417 -0.015848932989561207
leaf_weight=51.300063088536263 50.280036702752113 82.351331815123558 70.672787189483643 21.461820617318153 95.824424743652344 145.63275595009327 20.327171877026558
leaf_count=209 204 334 286 89 390 590 83
internal_value=0 0.00196775 -0.00343835 -0.0102141 0.00474903 -0.00101633 -0.00450784
internal_weight=0 249.803 288.047 71.7419 178.176 216.306 71.6272
internal_count=2185 1016 1169 293 724 876 292
is_linear=0
shrinkage=0.03


Tree=81
num_leaves=5
num_cat=0
split_feature=7 12 11 5
split_gain=6.74679 6.90589 9.8204 8.42488
threshold=1.0450499653816225 -3.1442500352859493 -2.7165999412536617 0.63650000095367443
decision_type=8 2 2 10
left_child=1 2 -1 -3
right_child=-2 3 -4 -5
leaf_value=-0.0031357556174286426 -0.016621169785709371 -0.0084946108086357136 0.011470313431415245 0.00096224882385847078
leaf_weight=69.826737567782402 22.383192896842957 131.44283449649811 91.567564085125923 222.52415889501572
leaf_count=283 91 538 371 902
internal_value=0 -7.8009e-05 0.00498591 -0.002479
internal_weight=0 515.361 161.394 353.967
internal_count=2185 2094 654 1440
is_linear=0
shrinkage=0.03


Tree=82
num_leaves=6
num_cat=0
split_feature=4 4 11 8 9
split_gain=5.91913 6.79725 8.26054 4.84437 3.651
threshold=6.4972500801086435 13.443500041961672 -3.1858500242233272 -0.11260000243782996 1.5124000310897829
decision_type=2 2 2 10 10
left_child=3 4 -3 -1 -2
right_child=1 2 -4 -5 -6
leaf_value=0 0.012329418684583612 -0.010244077231593478 0.00070336208021809087 -0.016745673550600883 -0.001230649646038249
leaf_weight=24.683430522680283 56.509364947676659 74.53318589925766 326.90502358973026 34.770642027258873 20.180677533149719
leaf_count=100 229 303 1330 141 82
internal_value=0 0.00022929 -0.00127506 -0.00968521 0.00840508
internal_weight=0 478.128 401.438 59.4541 76.69
internal_count=2185 1944 1633 241 311
is_linear=0
shrinkage=0.03


Tree=83
num_leaves=6
num_cat=0
split_feature=28 28 28 3 28
split_gain=8.46797 6.74383 9.29681 8.40164 5.75679
threshold=1.6904000043869021 5.6556999683380136 9.5553998947143572 43.979700088500984 1.1966499686241152
decision_type=8 10 10 2 10
left_child=4 3 -3 -2 -1
right_child=1 2 -4 -5 -6
leaf_value=0 -0.0069596366420621864 0.0078772640732490268 -0.0096581130542946602 0.0043648521396181181 0.018010539219756112
leaf_weight=26.398874923586845 268.56316184997559 104.15356588363647 34.597236022353172 71.289920598268509 32.504178449511528
leaf_count=109 1090 424 141 289 132
internal_value=0 -0.00218098 0.00325236 -0.00449028 0.00974352
internal_weight=0 478.604 138.751 339.853 58.9031
internal_count=2185 1944 565 1379 241
is_linear=0
shrinkage=0.03


Tree=84
num_leaves=8
num_cat=0
split_feature=12 26 1 8 14 3 24
split_gain=5.83606 9.36626 9.2918 8.43269 7.23664 6.65225 5.59735
threshold=-3.1442500352859493 -0.43925000727176661 0.8862999975681306 0.31204999983310705 16.500000000000004 43.106050491333015 4.4923999309539804
decision_type=2 10 2 10 2 2 2
left_child=2 5 3 -1 -4 -2 -3
right_child=1 6 4 -5 -6 -7 -8
leaf_value=0.020209038378749378 -0.0079137024262763613 0.018458613393073555 -0.0065019785221284467 -0.0015458029227052299 0.0098937115582994565 0.0026560329805918352 0
leaf_weight=43.050512239336967 225.2555019557476 22.749579042196274 79.360140919685364 21.198425114154816 33.020299792289734 64.690831556916237 48.051384583115578
leaf_count=175 917 93 320 86 135 263 196
internal_value=0 -0.00300691 0.00360296 0.0126577 -0.00137513 -0.00545132 0.0065222
internal_weight=0 360.747 176.629 64.2489 112.38 289.946 70.801
internal_count=2185 1469 716 261 455 1180 289
is_linear=0
shrinkage=0.03


Tree=85
num_leaves=8
num_cat=0
split_feature=23 7 6 7 7 6 22
split_gain=10.2407 12.8625 8.48115 14.3591 6.2092 5.86488 4.38508
threshold=-1.8187000155448911 0.76629999279975902 0.7238999903202058 0.53084999322891246 0.59834998846054088 0.77034997940063488 -1.6150000095367429
decision_type=2 10 10 10 10 10 2
left_child=1 4 3 -2 -1 -4 -3
right_child=2 6 5 -5 -6 -7 -8
leaf_value=0.0090563915665640895 -0.009596296105164279 0.0097379546152902632 -0.023579277706077317 0.0043875313120811223 -0.0073011201141464479 -0.0054486802762916033 0.03043487729769043
leaf_weight=35.811484292149544 94.667118638753891 30.797067761421204 22.275715962052345 212.67305359244347 47.194342955946922 80.516540393233299 19.809313088655472
leaf_count=145 385 126 91 864 192 328 80
internal_value=0 0.00709054 -0.0024409 0 0 -0.00985605 0.0188536
internal_weight=0 133.612 410.132 307.34 83.0058 102.792 50.6064
internal_count=2211 543 1668 1249 337 419 206
is_linear=0
shrinkage=0.03


Tree=86
num_leaves=8
num_cat=0
split_feature=23 7 6 7 25 7 22
split_gain=9.68163 12.1697 8.01558 13.519 6.60895 5.85087 4.10944
threshold=-1.8187000155448911 0.76629999279975902 0.7238999903202058 0.53084999322891246 6.2038500308990487 0.59834998846054088 -1.6150000095367429
decision_type=2 10 10 10 2 10 2
left_child=1 5 3 -2 -4 -1 -3
right_child=2 6 4 -5 -6 -7 -8
leaf_value=0.0087937268238272928 -0.0093129457208014806 0.0094631631913862767 -0.017611592901738537 0.0042563623713330386 -0.0017072931336197107 -0.0070847594735956986 0.029590733256965925
leaf_weight=35.804692938923836 94.651637732982635 30.77006408572197 48.377426564693451 212.68090979754925 54.332267388701439 47.206880360841751 19.791959166526794
leaf_count=145 385 126 197 864 222 192 80
internal_value=0 0.00689594 -0.00237294 0 -0.00958525 0 0.0183448
internal_weight=0 133.574 410.042 307.333 102.71 83.0116 50.562
internal_count=2211 543 1668 1249 419 337 206
is_linear=0
shrinkage=0.03


Tree=87
num_leaves=7
num_cat=0
split_feature=23 7 30 7 7 25
split_gain=9.15285 11.5175 6.65653 9.44306 5.5134 4.03785
threshold=-1.8187000155448911 0.76629999279975902 6.2565500736236581 0.53084999322891246 0.59834998846054088 -30.043600082397457
decision_type=2 10 2 10 10 2
left_child=1 4 3 -2 -1 -3
right_child=2 5 -4 -5 -6 -7
leaf_value=0.0085389548408448656 -0.0090366693686257053 0.0071751868229533618 -0.014109454248131755 0.0017760165770043818 -0.0068750291615930726 0.026653269762140865
leaf_weight=35.796744421124458 96.754570007324219 25.179930120706558 38.29333171248436 274.90630042552948 47.217901527881622 25.329153940081596
leaf_count=145 394 102 156 1118 192 104
internal_value=0 0.00670744 -0.00230626 -0.000975046 0 0.0178532
internal_weight=0 133.524 409.954 371.661 83.0146 50.5091
internal_count=2211 543 1668 1512 337 206
is_linear=0
shrinkage=0.03


Tree=88
num_leaves=7
num_cat=0
split_feature=7 6 6 22 22 6
split_gain=6.19512 10.1955 15.1416 7.17094 5.85237 12.4021
threshold=0.57455000281333934 0.55979999899864208 0.34719999134540563 -3.5329000949859615 -1.1498999595642088 0.43084999918937689
decision_type=10 10 10 2 2 10
left_child=4 2 -2 -3 -1 -6
right_child=1 3 -4 -5 5 -7
leaf_value=0.0068803495058781536 -0.0088184054000848104 0.015616561292489188 0.015264522250805927 -0.0027325304829650503 0.00081569495072056071 -0.017282552561633822
leaf_weight=26.860560372471809 29.057558655738831 19.512286677956581 91.486912176012993 247.07246150076389 66.198497384786606 63.135535597801208
leaf_count=109 119 80 371 1005 269 258
internal_value=0 0.00195598 0.00918766 -0.00122404 -0.00510146 -0.00785376
internal_weight=0 387.129 120.544 266.585 156.195 129.334
internal_count=2211 1575 490 1085 636 527
is_linear=0
shrinkage=0.03


Tree=89
num_leaves=7
num_cat=0
split_feature=25 11 30 12 0 13
split_gain=6.28422 8.99787 6.95743 6.27795 5.29657 4.27907
threshold=-13.894599914550779 -0.17824999988079068 1.6563499569892886 2.7401499748229985 -0.51409998536109913 1.0000000180025095e-35
decision_type=2 2 2 2 2 2
left_child=4 2 -2 -3 -1 -6
right_child=1 3 -4 -5 5 -7
leaf_value=0.016077619841750879 -0.00047861395999532522 0.0055347091564521729 -0.013631369545146313 -0.003962264361868347 0.0049983488392892272 -0.0099363141490809784
leaf_weight=32.012280270457268 73.364029884338379 146.7883366048336 81.589320734143257 104.81016254425049 84.751400589942932 19.83063717186451
leaf_count=130 298 596 332 430 344 81
internal_value=0 -0.00194498 -0.00763945 0.0014597 0.00546821 0.00181504
internal_weight=0 406.552 154.953 251.598 136.594 104.582
internal_count=2211 1656 630 1026 555 425
is_linear=0
shrinkage=0.03


Tree=90
num_leaves=4
num_cat=0
split_feature=12 24 6
split_gain=5.8244 4.96096 4.5259
threshold=7.8806500434875497 32.447200775146491 0.26319999992847448
decision_type=2 2 8
left_child=1 2 -1
right_child=-2 -3 -4
leaf_value=0.010772332822300367 -0.015168028397063601 0.012713112973130887 -0.00064719833221414203
leaf_weight=32.493443146348 20.153508186340332 29.041597411036491 451.60133303701878
leaf_count=134 83 118 1836
internal_value=0 0.000874869 7.80872e-05
internal_weight=0 513.136 484.095
internal_count=2171 2088 1970
is_linear=0
shrinkage=0.03


Tree=91
num_leaves=6
num_cat=0
split_feature=11 10 4 4 5
split_gain=6.7791 7.13399 5.95761 4.64825 3.13071
threshold=4.0564498901367196 4.0166499614715585 5.0839500427246103 32.774999618530281 0.77050000429153453
decision_type=2 10 2 2 10
left_child=2 -2 4 -4 -1
right_child=1 -3 3 -5 -6
leaf_value=-0.020007192405843616 0.024374590168427909 0 0.0032164311914207513 -0.0029156448234364456 -0.0027991379531876908
leaf_weight=19.552870437502861 19.601027205586433 23.844453021883965 232.90886069834232 209.56795005500317 27.743235364556313
leaf_count=80 80 98 947 854 112
internal_value=0 0.0114421 -0.000780913 0.000244456 -0.0108013
internal_weight=0 43.4455 489.773 442.477 47.2961
internal_count=2171 178 1993 1801 192
is_linear=0
shrinkage=0.03


Tree=92
num_leaves=6
num_cat=0
split_feature=11 10 4 3 5
split_gain=6.4037 6.72513 5.64367 5.0188 2.94521
threshold=4.0564498901367196 4.0166499614715585 5.0839500427246103 45.079999923706062 0.77050000429153453
decision_type=2 10 2 2 10
left_child=2 -2 4 -4 -1
right_child=1 -3 3 -5 -6
leaf_value=-0.019468213624028875 0.023672048350856706 0 -0.0012516085924733796 0.0068197463748785811 -0.002718132185387499
leaf_weight=19.51955634355545 19.606840550899506 23.844453021883965 357.9096504598856 84.557631805539131 27.742747023701668
leaf_count=80 80 98 1457 344 112
internal_value=0 0.0111181 -0.000760783 0.000235118 -0.0105176
internal_weight=0 43.4513 489.73 442.467 47.2623
internal_count=2171 178 1993 1801 192
is_linear=0
shrinkage=0.03


Tree=93
num_leaves=6
num_cat=0
split_feature=11 4 23 9 11
split_gain=6.04968 5.34745 4.65253 4.50347 1.96001
threshold=4.0564498901367196 5.0839500427246103 1.6814500093460085 3.8523499965667729 -0.36185000836849207
decision_type=2 2 2 10 2
left_child=1 4 -3 -2 -1
right_child=3 2 -4 -5 -6
leaf_value=-0.016626628437564805 0.021180226408855623 0.0015076144191863226 -0.0074368327195401176 0.00057515568837866488 -0.002512375099046667
leaf_weight=23.108943179249763 19.584706723690033 383.1233636289835 59.335289731621742 23.866972491145134 24.116880193352699
leaf_count=94 80 1558 243 98 98
internal_value=0 -0.000740898 0.000226417 0.0108048 -0.0102425
internal_weight=0 489.684 442.459 43.4517 47.2258
internal_count=2171 1993 1801 178 192
is_linear=0
shrinkage=0.03


Tree=94
num_leaves=6
num_cat=0
split_feature=11 10 12 26 10
split_gain=5.72946 6.35688 5.28843 9.60293 6.49676
threshold=4.0564498901367196 4.1428499221801767 5.1613500118255624 -2.2404999732971187 -1.9679499864578245
decision_type=2 10 2 10 10
left_child=2 -2 4 -4 -1
right_child=1 -3 3 -5 -6
leaf_value=-0.0031079165071946128 0.022459607823801429 0 0.0052358607783709581 -0.017903823308649595 0.0042638608265935449
leaf_weight=218.78065407276154 20.082577556371689 23.384249925613403 23.641098544001579 39.271059557795525 207.90565547347069
leaf_count=889 82 96 96 162 846
internal_value=0 0.0105119 -0.000722187 -0.00879314 0.000415456
internal_weight=0 43.4668 489.598 62.9122 426.686
internal_count=2171 178 1993 258 1735
is_linear=0
shrinkage=0.03


Tree=95
num_leaves=6
num_cat=0
split_feature=11 23 24 7 15
split_gain=4.53865 6.95528 8.769 8.20307 3.14328
threshold=4.0564498901367196 0.74829998612403881 2.1509500741958623 0.6615000069141389 1.5000000000000002
decision_type=2 2 2 10 2
left_child=1 2 -1 -3 -2
right_child=4 3 -4 -5 -6
leaf_value=-0.00089788380165072013 0 0 0.011203139592960916 -0.014784045059403665 0.017703071289916127
leaf_weight=303.52723102271557 20.135240703821182 69.983936384320259 63.782583773136139 61.067844390869141 19.76582533121109
leaf_count=1234 82 286 260 250 81
internal_value=0 -0.000903699 0.00114669 -0.00684285 0.00948417
internal_weight=0 498.362 367.31 131.052 39.9011
internal_count=2193 2030 1494 536 163
is_linear=0
shrinkage=0.03


Tree=96
num_leaves=7
num_cat=0
split_feature=6 6 5 28 7 27
split_gain=6.46968 9.95414 7.40047 9.28291 5.88456 4.95303
threshold=0.6382499933242799 0.60339999198913585 0.89149999618530285 5.6957499980926523 0.79164999723434459 0.14055000245571139
decision_type=8 10 10 10 10 10
left_child=1 5 3 -2 -4 -1
right_child=2 -3 4 -5 -6 -7
leaf_value=-0.010080623779798596 -0.015309730889499065 0.021468690545968297 -0.0034119777169174669 0 0.010675643073912217 0.002707130488565784
leaf_weight=29.268864780664444 74.933633968234062 23.14512874186039 61.127644076943398 70.945054620504379 43.717309907078743 235.04963767528534
leaf_count=119 307 94 248 290 178 957
internal_value=0 0.00295445 -0.00362425 -0.0080183 0.00222408 0.00114537
internal_weight=0 287.464 250.724 145.879 104.845 264.319
internal_count=2193 1170 1023 597 426 1076
is_linear=0
shrinkage=0.03


Tree=97
num_leaves=7
num_cat=0
split_feature=3 3 9 8 9 6
split_gain=7.87893 10.2291 7.4328 8.38131 6.08638 2.6847
threshold=45.079999923706062 39.722900390625007 -0.67355000972747792 0.97604998946189891 0.1360999941825867 0.64035001397132885
decision_type=2 2 10 10 8 10
left_child=1 4 5 -4 -1 -2
right_child=2 -3 3 -5 -6 -7
leaf_value=0.0027388631262904371 0.0053858286626029409 -0.017217778630539412 0.022036710520400699 -5.9295044494388873e-05 -0.0046910986718049488 -0.0089153525109252306
leaf_weight=225.66917113959789 20.229776054620743 35.017574697732925 39.507711678743362 20.669250085949898 173.91937854886055 23.04503770172596
leaf_count=918 82 143 161 84 711 94
internal_value=0 -0.00188218 0.00728893 0.01408 -0.000423747 -0.00158171
internal_weight=0 434.606 103.452 60.177 399.589 43.2748
internal_count=2193 1772 421 245 1629 176
is_linear=0
shrinkage=0.03


Tree=98
num_leaves=6
num_cat=0
split_feature=3 3 29 22 10
split_gain=7.41206 9.64862 8.55198 6.70231 4.33192
threshold=45.079999923706062 39.722900390625007 -1.0220000147819517 0.44590000808238989 1.4396999478340151
decision_type=2 2 2 2 10
left_child=1 3 4 -1 -2
right_child=2 -3 -4 -5 -6
leaf_value=0.00201241812061602 0.0068953071029833127 -0.016727750463715704 0.02190948879060297 -0.0064769513241293335 -0.0076722449525120666
leaf_weight=282.52235776185989 51.970037162303925 34.991769522428513 25.470470756292343 117.01572947204113 25.985176607966423
leaf_count=1150 211 143 104 479 106
internal_value=0 -0.00182738 0.00706878 -0.000408991 0.0016238
internal_weight=0 434.53 103.426 399.538 77.9552
internal_count=2193 1772 421 1629 317
is_linear=0
shrinkage=0.03


Tree=99
num_leaves=7
num_cat=0
split_feature=6 6 26 5 23 4
split_gain=5.97066 9.31933 9.23189 8.07643 7.30593 4.40182
threshold=0.6382499933242799 0.60339999198913585 -3.9479500055313106 1.313499987125397 -3.0562500953674312 6.4972500801086435
decision_type=8 10 8 10 2 2
left_child=1 5 4 -4 -2 -1
right_child=2 -3 3 -5 -6 -7
leaf_value=-0.0093249624455263632 -0.0015600075077580663 0.020757743718130856 -0.011143291345549986 0.0042187015904859146 0.016501042003280519 0.0025858503864833998
leaf_weight=30.080069825053215 54.979758456349373 23.141584858298302 130.46466705203056 36.370919853448868 28.65275265276432 234.13305599987507
leaf_count=122 225 94 535 147 116 954
internal_value=0 0.00284137 -0.00348084 -0.00761038 0.00439515 0.00108667
internal_weight=0 287.355 250.468 166.836 83.6325 264.213
internal_count=2193 1170 1023 682 341 1076
is_linear=0
shrinkage=0.03


end of trees

feature_importances:
Column_11=59
Column_12=41
Column_7=38
Column_6=37
Column_10=32
Column_28=31
Column_5=27
Column_30=26
Column_23=25
Column_27=25
Column_24=23
Column_26=23
Column_4=21
Column_1=19
Column_25=19
Column_8=17
Column_3=15
Column_14=15
Column_22=15
Column_9=14
Column_0=12
Column_15=11
Column_29=10
Column_21=7
Column_2=5
Column_32=2
Column_13=1

parameters:
[boosting: gbdt]
[objective: binary]
[metric: binary_logloss]
[tree_learner: serial]
[device_type: cpu]
[data_sample_strategy: bagging]
[data: ]
[valid: ]
[num_iterations: 100]
[learning_rate: 0.03]
[num_leaves: 8]
[num_threads: 0]
[seed: 42]
[deterministic: 0]
[force_col_wise: 0]
[force_row_wise: 0]
[histogram_pool_size: -1]
[max_depth: 3]
[min_data_in_leaf: 80]
[min_sum_hessian_in_leaf: 0.001]
[bagging_fraction: 0.6]
[pos_bagging_fraction: 1]
[neg_bagging_fraction: 1]
[bagging_freq: 5]
[bagging_seed: 400]
[feature_fraction: 0.5]
[feature_fraction_bynode: 1]
[feature_fraction_seed: 30056]
[extra_trees: 0]
[extra_seed: 12879]
[early_stopping_round: 0]
[early_stopping_min_delta: 0]
[first_metric_only: 0]
[max_delta_step: 0]
[lambda_l1: 1]
[lambda_l2: 1]
[linear_lambda: 0]
[min_gain_to_split: 0]
[drop_rate: 0.1]
[max_drop: 50]
[skip_drop: 0.5]
[xgboost_dart_mode: 0]
[uniform_drop: 0]
[drop_seed: 17869]
[top_rate: 0.2]
[other_rate: 0.1]
[min_data_per_group: 100]
[max_cat_threshold: 32]
[cat_l2: 10]
[cat_smooth: 10]
[max_cat_to_onehot: 4]
[top_k: 20]
[monotone_constraints: ]
[monotone_constraints_method: basic]
[monotone_penalty: 0]
[feature_contri: ]
[forcedsplits_filename: ]
[refit_decay_rate: 0.9]
[cegb_tradeoff: 1]
[cegb_penalty_split: 0]
[cegb_penalty_feature_lazy: ]
[cegb_penalty_feature_coupled: ]
[path_smooth: 0]
[interaction_constraints: ]
[verbosity: -1]
[saved_feature_importance_type: 0]
[use_quantized_grad: 0]
[num_grad_quant_bins: 4]
[quant_train_renew_leaf: 0]
[stochastic_rounding: 1]
[linear_tree: 0]
[max_bin: 255]
[max_bin_by_feature: ]
[min_data_in_bin: 3]
[bin_construct_sample_cnt: 200000]
[data_random_seed: 175]
[is_enable_sparse: 1]
[enable_bundle: 1]
[use_missing: 1]
[zero_as_missing: 0]
[feature_pre_filter: 1]
[pre_partition: 0]
[two_round: 0]
[header: 0]
[label_column: ]
[weight_column: ]
[group_column: ]
[ignore_column: ]
[categorical_feature: ]
[forcedbins_filename: ]
[precise_float_parser: 0]
[parser_config_file: ]
[objective_seed: 16083]
[num_class: 1]
[is_unbalance: 0]
[scale_pos_weight: 1]
[sigmoid: 1]
[boost_from_average: 1]
[reg_sqrt: 0]
[alpha: 0.9]
[fair_c: 1]
[poisson_max_delta_step: 0.7]
[tweedie_variance_power: 1.5]
[lambdarank_truncation_level: 30]
[lambdarank_norm: 1]
[label_gain: ]
[lambdarank_position_bias_regularization: 0]
[eval_at: ]
[multi_error_top_k: 1]
[auc_mu_weights: ]
[num_machines: 1]
[local_listen_port: 12400]
[time_out: 120]
[machine_list_filename: ]
[machines: ]
[gpu_platform_id: -1]
[gpu_device_id: -1]
[gpu_use_dp: 0]
[num_gpu: 1]

end of parameters

pandas_categorical:null
