tree
version=v4
num_class=1
num_tree_per_iteration=1
label_index=0
max_feature_idx=32
objective=binary sigmoid:1
feature_names=Column_0 Column_1 Column_2 Column_3 Column_4 Column_5 Column_6 Column_7 Column_8 Column_9 Column_10 Column_11 Column_12 Column_13 Column_14 Column_15 Column_16 Column_17 Column_18 Column_19 Column_20 Column_21 Column_22 Column_23 Column_24 Column_25 Column_26 Column_27 Column_28 Column_29 Column_30 Column_31 Column_32
feature_infos=[-3.6970999240875244:3.1472001075744629] [0.10329999774694443:8.5553998947143555] [0:100] [0:95.23809814453125] [0:100] [0.096000000834465027:13.185000419616699] [0.11680000275373459:1.7553000450134277] [0.15870000422000885:1.7553000450134277] [-8.0193004608154297:5.1996002197265625] [-14.217599868774414:11.79740047454834] [-23.954099655151367:11.943400382995605] [-10.268600463867188:8.570500373840332] [-16.19219970703125:13.58549976348877] [0:1] [0:23] [0:6] none none none none none [-5.6630001068115234:3.4628000259399414] [-9.5347995758056641:5.4506998062133789] [-14.803899765014648:8.2539997100830078] [-26.14069938659668:19.666500091552734] [-23.030399322509766:18.378400802612305] [-19.02400016784668:1.6033999919891357] [-2.1328999996185303:11.344599723815918] [0.4666999876499176:18.673900604248047] [-16.833099365234375:0] [0:14.423199653625488] [-9:13] [0:2]
tree_sizes=773 647 643 753 666 769 773 873 872 751 672 973 644 875 862 985 983 772 772 768 873 966 874 770 771 869 765 551 852 771 728 669 747 645 669 773 749 770 774 749 752 657 835 730 774 667 676 559 557 642 877 733 982 981 967 751 659 772 653 755 647 770 664 882 874 671 975 666 654 567 850 770 668 773 749 770 564 650 661 566 656 668 665 664 752 771 666 772 872 647 774 773 650 769 551 562 645 664 646 647

Tree=0
num_leaves=6
num_cat=0
split_feature=12 12 14 30 12
split_gain=16.5998 10.1367 12.4802 9.52786 9.60148
threshold=2.2710499763488774 -5.5582501888275138 11.500000000000002 2.235649943351746 3.0564500093460087
decision_type=2 2 2 2 2
left_child=1 -1 -3 4 -2
right_child=3 2 -4 -5 -6
leaf_value=0.015256698439861393 -0.02521625212879626 -0.010968019766359508 0.0038314325958839473 -0.033440838639680406 0.00021937616393602564
leaf_weight=29.749822676181793 20.24987930059433 97.749417364597321 103.99938011169434 21.999868869781494 32.249807775020599
leaf_count=119 81 391 416 88 129
internal_value=-0.00488521 -0.00086829 -0.00348166 -0.0170585 -0.0092274
internal_weight=0 231.499 201.749 74.4996 52.4997
internal_count=1224 926 807 298 210
is_linear=0
shrinkage=1


Tree=1
num_leaves=5
num_cat=0
split_feature=23 12 14 11
split_gain=19.8957 13.1883 10.0886 6.08646
threshold=1.4183999896049502 0.90154999494552623 6.5000000000000009 -1.7671499848365781
decision_type=2 2 2 2
left_child=1 3 -3 -1
right_child=-2 2 -4 -5
leaf_value=0 -0.020434355047076792 -0.019284681929989788 0.00039410808078483585 0.012591086882126458
leaf_weight=49.998453825712204 36.496116280555725 30.247663512825966 82.745568931102753 106.49777106940746
leaf_count=200 146 121 331 426
internal_value=0 0.00288358 -0.00473358 0.00856892
internal_weight=0 269.489 112.993 156.496
internal_count=1224 1078 452 626
is_linear=0
shrinkage=0.03


Tree=2
num_leaves=5
num_cat=0
split_feature=23 5 3 15
split_gain=18.7488 12.8777 6.34284 6.10985
threshold=1.4183999896049502 0.50350001454353344 3.2522500753402714 2.5000000000000004
decision_type=2 10 2 2
left_child=1 3 -3 -1
right_child=-2 2 -4 -5
leaf_value=-0.018177174019158669 -0.019842232117890726 0.021663911904161191 0.0044796010265755401 0
leaf_weight=29.996853321790695 36.487614274024963 22.498443484306335 180.48627169430256 36.497729271650314
leaf_count=120 146 90 722 146
internal_value=0 0.00279603 0.00662821 -0.00838268
internal_weight=0 269.479 202.985 66.4946
internal_count=1224 1078 812 266
is_linear=0
shrinkage=0.03


Tree=3
num_leaves=6
num_cat=0
split_feature=24 7 13 5 14
split_gain=15.4136 15.0879 11.5604 11.3149 8.0409
threshold=2.2869501113891606 0.38140000402927404 1.0000000180025095e-35 0.55249997973442089 6.5000000000000009
decision_type=2 8 2 10 2
left_child=1 4 -2 -3 -1
right_child=2 3 -4 -5 -6
leaf_value=-0.00093061793244870257 0 -0.013914293028865401 -0.026563213136277231 0.0030046832985928733 0.018433254971111156
leaf_weight=22.997089087963104 25.489606648683548 49.993915021419525 29.730246677994728 111.98785245418549 65.744539812207222
leaf_count=92 102 200 119 448 263
internal_value=0 0.00320962 -0.0141642 -0.00208644 0.0131264
internal_weight=0 250.723 55.2199 161.982 88.7416
internal_count=1224 1003 221 648 355
is_linear=0
shrinkage=0.03


Tree=4
num_leaves=5
num_cat=0
split_feature=23 12 5 7
split_gain=16.9328 12.3353 17.5418 10.3411
threshold=1.4183999896049502 0.90154999494552623 0.51850000023841869 0.455350011587143
decision_type=2 2 10 10
left_child=1 2 -1 -3
right_child=-2 3 -4 -5
leaf_value=-0.0080380846529379754 -0.018870832556925326 0.00042538608721885229 0.014228510579653738 -0.019609710126615828
leaf_weight=41.245211780071259 36.454199463129044 83.230044662952423 115.23078881204128 29.744317576289177
leaf_count=165 146 333 461 119
internal_value=0 0.00265174 0.00815502 -0.00471208
internal_weight=0 269.45 156.476 112.974
internal_count=1224 1078 626 452
is_linear=0
shrinkage=0.03


Tree=5
num_leaves=6
num_cat=0
split_feature=7 7 21 28 10
split_gain=16.9443 17.4349 12.1657 9.68568 8.49175
threshold=0.38230000436306005 0.40895000100135809 -0.1597499996423721 5.1111998558044442 3.4317499399185185
decision_type=8 10 2 8 10
left_child=2 -2 -1 -3 -4
right_child=1 3 4 -5 -6
leaf_value=0.026706635299537495 -0.025100402157270735 -0.0044120599097922158 0.0096319143815773983 0.012505764804656141 -0.011952410316730432
leaf_weight=29.241227954626083 29.731107905507088 130.69034107029438 60.724076151847839 38.470584601163864 20.47978450357914
leaf_count=117 119 523 243 154 82
internal_value=0 -0.00429621 0.010278 -0.000337421 0.00374418
internal_weight=0 198.892 110.445 169.161 81.2039
internal_count=1238 796 442 677 325
is_linear=0
shrinkage=0.03


Tree=6
num_leaves=6
num_cat=0
split_feature=7 7 12 12 10
split_gain=15.9678 16.4492 9.55794 8.89461 5.35817
threshold=0.38230000436306005 0.40895000100135809 -0.15369999408721921 -4.5255000591278067 3.2070000171661381
decision_type=8 10 2 2 8
left_child=2 -2 -1 -3 -4
right_child=1 3 4 -5 -6
leaf_value=0.023289164375566961 -0.024383589637272766 0.013099625387137576 0.0091504066541906685 -0.0039241559873207455 -0.0072399078119731739
leaf_weight=33.472757816314697 29.716568186879158 33.487282916903496 52.724371045827866 135.67183777689934 24.226972565054893
leaf_count=134 119 134 211 543 97
internal_value=0 -0.00417025 0.0099781 -0.000320589 0.00357863
internal_weight=0 198.876 110.424 169.159 76.9513
internal_count=1238 796 442 677 308
is_linear=0
shrinkage=0.03


Tree=7
num_leaves=7
num_cat=0
split_feature=28 28 25 21 9 25
split_gain=7.03939 13.4693 12.2049 5.63181 5.11133 1.88617
threshold=2.6904000043869023 5.0171499252319345 1.8723000288009646 -0.1597499996423721 -0.52364999055862416 -4.2175500392913809
decision_type=10 10 2 2 10 2
left_child=2 4 3 -1 -2 -3
right_child=1 5 -4 -5 -6 -7
leaf_value=0.017394289283970427 -0.017417991255473452 0.00143262244605421 -0.014936213001519141 0.0039175181555920679 -0.0032717693687493244 0.016010514019861265
leaf_weight=44.968948394060135 44.970398560166359 20.239063024520874 21.477340564131737 94.945232525467873 60.418646290898323 22.216923356056213
leaf_count=180 180 81 86 380 242 89
internal_value=0 -0.00382624 0.00517107 0.0085546 -0.00969705 0.00994437
internal_weight=0 147.845 161.392 139.914 105.389 42.456
internal_count=1238 592 646 560 422 170
is_linear=0
shrinkage=0.03


Tree=8
num_leaves=7
num_cat=0
split_feature=10 14 29 9 27 21
split_gain=11.0826 7.52554 11.9625 8.22738 5.38677 4.23232
threshold=3.912949919700623 11.500000000000002 -2.0306500196456905 1.3243499994277956 0.99814999103546154 0.32760000228881841
decision_type=8 2 2 10 8 2
left_child=1 2 -1 -3 -2 -6
right_child=4 3 -4 -5 5 -7
leaf_value=-0.013040096611174105 0.00062362479543835779 0.01282692530912718 0.0055956986253197314 -0.0067222171367684845 -0.026748926857726424 -0.0047845972225586614
leaf_weight=48.221239522099495 20.487346008419991 98.168312326073647 81.189624190330505 21.225867122411728 19.962508529424667 19.951419338583946
leaf_count=193 82 393 325 85 80 80
internal_value=0 0.00364555 -0.0011651 0.00907533 -0.0105465 -0.0168883
internal_weight=0 248.805 129.411 119.394 60.4013 39.9139
internal_count=1238 996 518 478 242 160
is_linear=0
shrinkage=0.03


Tree=9
num_leaves=6
num_cat=0
split_feature=10 5 28 25 6
split_gain=10.4493 6.83011 6.08054 5.48914 4.15481
threshold=3.912949919700623 0.55249997973442089 2.6757500171661381 0.73390001058578502 0.47450000047683721
decision_type=8 10 10 2 10
left_child=1 2 -1 -2 -3
right_child=3 4 -4 -5 -6
leaf_value=0.004561788729376251 0.00085095728652020758 0.0098100921189850972 -0.012940000611195483 -0.016778336420905211 0
leaf_weight=30.977678313851357 20.980129331350327 120.62282532453537 35.467155754566193 39.396216168999672 61.707690939307213
leaf_count=124 84 483 142 158 247
internal_value=0 0.00353285 -0.00438891 -0.0102495 0.00659153
internal_weight=0 248.775 66.4448 60.3763 182.331
internal_count=1238 996 266 242 730
is_linear=0
shrinkage=0.03


Tree=10
num_leaves=5
num_cat=0
split_feature=23 32 27 24
split_gain=14.9981 8.72245 7.89794 7.85366
threshold=1.6766000390052798 1.0000000180025095e-35 0.51430001854896557 -0.054999999701976769
decision_type=2 2 8 2
left_child=1 3 -3 -1
right_child=-2 2 -4 -5
leaf_value=-0.013403447954730297 -0.018996089456641472 0.016028592763329397 0.0020624768371360243 0.0039775427595884726
leaf_weight=46.21052972972393 31.154505029320717 54.424986213445663 126.37108179926872 41.949062168598175
leaf_count=185 125 218 506 168
internal_value=0 0.00266389 0.00649675 -0.00484471
internal_weight=0 268.956 180.796 88.1596
internal_count=1202 1077 724 353
is_linear=0
shrinkage=0.03


Tree=11
num_leaves=8
num_cat=0
split_feature=7 26 12 25 25 12 26
split_gain=14.9067 14.5424 9.90249 8.61651 7.29771 6.20856 2.72679
threshold=0.38059999048709875 -0.68540000915527333 1.9806500077247622 1.3558499813079836 -1.011150002479553 0.51190000772476207 -0.29050000011920923
decision_type=8 10 2 2 2 2 10
left_child=1 5 4 -4 -2 -1 -3
right_child=2 6 3 -5 -6 -7 -8
leaf_value=0.033563319195832941 -0.0070359144380233102 -0.0086616427771430207 -0.0036537095006535904 -0.028432838679904697 0.0067258987607911672 0.010466819827933897 0.0046121457240375788
leaf_weight=20.189972370862961 68.691643998026848 26.457853958010674 32.714845791459084 24.157632946968079 67.923010483384132 35.207498461008072 24.7076745480299
leaf_count=81 275 106 131 97 272 141 99
internal_value=0 0.00930544 -0.0046032 -0.0150069 0 0.0198623 -0.00171114
internal_weight=0 106.563 193.487 56.8725 136.615 55.3975 51.1655
internal_count=1202 427 775 228 547 222 205
is_linear=0
shrinkage=0.03


Tree=12
num_leaves=5
num_cat=0
split_feature=23 14 11 28
split_gain=13.992 10.5576 10.5649 4.23637
threshold=1.6766000390052798 3.5000000000000004 -1.9363999962806699 2.2481499910354619
decision_type=2 2 2 10
left_child=1 3 -3 -1
right_child=-2 2 -4 -5
leaf_value=0 -0.018368504675807151 -0.0066485779412000373 0.0087587370915175149 -0.01905272834523036
leaf_weight=20.480895027518272 31.108082816004753 48.699316218495369 176.47511097788811 23.208964928984642
leaf_count=82 125 195 707 93
internal_value=0 0.00256608 0.00527924 -0.0105513
internal_weight=0 268.864 225.174 43.6899
internal_count=1202 1077 902 175
is_linear=0
shrinkage=0.03


Tree=13
num_leaves=7
num_cat=0
split_feature=7 7 7 21 5 5
split_gain=13.7928 9.50513 9.39015 8.83666 4.54282 3.51152
threshold=0.38059999048709875 0.41584999859333044 0.455350011587143 -0.1076500006020069 1.0544999837875368 0.68850001692771923
decision_type=8 10 10 2 10 10
left_child=3 5 -3 -1 -5 -2
right_child=1 2 -4 4 -6 -7
leaf_value=0.021970776968771675 -0.025965010350505142 0.01246684561020113 -0.0049747507454109873 0.0083793259551273886 -0.0065924099915162142 -0.0064840539427074269
leaf_weight=32.132810473442078 20.447943776845932 35.444452583789825 113.58641646802425 48.169135078787804 26.19077455997467 23.932147204875946
leaf_count=129 82 142 455 193 105 96
internal_value=0 -0.00444547 -0.000571159 0.0089374 0.00269044 -0.0164953
internal_weight=0 193.411 149.031 106.493 74.3599 44.3801
internal_count=1202 775 597 427 298 178
is_linear=0
shrinkage=0.03


Tree=14
num_leaves=7
num_cat=0
split_feature=7 9 12 6 25 25
split_gain=13.0128 11.1222 9.38764 8.4176 8.00873 6.7936
threshold=0.38059999048709875 1.3243499994277956 1.9806500077247622 0.23670000582933429 1.3558499813079836 -1.011150002479553
decision_type=8 10 2 10 2 2
left_child=1 3 5 -1 -4 -2
right_child=2 -3 4 -5 -6 -7
leaf_value=-0.0015239965419960458 -0.006637224108359022 -0.0095028974120230682 -0.0034789912773338099 0.019045043693467562 -0.027429637041435001 0.0066469561548870831
leaf_weight=20.929037392139435 68.683560937643051 21.444555908441544 32.701783522963524 64.073011875152588 24.091636821627617 67.907898634672165
leaf_count=84 275 86 131 257 97 272
internal_value=0 0.00867976 -0.00432122 0.0136729 -0.0144567 0
internal_weight=0 106.447 193.385 85.002 56.7934 136.591
internal_count=1202 427 775 341 228 547
is_linear=0
shrinkage=0.03


Tree=15
num_leaves=8
num_cat=0
split_feature=7 26 5 26 26 11 6
split_gain=10.8829 9.5152 9.48326 7.94707 6.71788 4.16442 3.6893
threshold=0.38230000436306005 -0.68540000915527333 0.93999999761581432 -0.58744999766349781 -0.27584999799728388 -0.16889999806880948 0.33020000159740454
decision_type=8 10 8 8 10 2 10
left_child=1 6 3 -2 -3 -4 -1
right_child=2 4 5 -5 -6 -7 -8
leaf_value=0.0076254701700453941 -0.014602872658766933 -0.010954152812867895 0.0093568741259097143 0.0045478995210157186 0.0099147170259066345 -0.0035419226899323563 0.026432515169099426
leaf_weight=29.087201148271561 87.546866238117218 29.438690975308418 42.200827568769455 21.708494082093239 23.939969748258591 42.113830998539925 21.433104664087296
leaf_count=117 351 118 169 87 96 169 86
internal_value=0 0.00730451 -0.00466795 -0.0105189 -0.00103271 0.00259649 0.0165448
internal_weight=0 103.899 193.57 109.255 53.3787 84.3147 50.5203
internal_count=1193 417 776 438 214 338 203
is_linear=0
shrinkage=0.03


Tree=16
num_leaves=8
num_cat=0
split_feature=7 26 5 26 26 28 2
split_gain=10.2676 8.99803 8.91617 7.51028 6.33668 4.09502 3.98004
threshold=0.38230000436306005 -0.68540000915527333 0.93999999761581432 -0.58744999766349781 -0.27584999799728388 5.1814501285552987 50.196849822998054
decision_type=8 10 10 8 10 10 2
left_child=1 6 3 -2 -3 -4 -1
right_child=2 4 5 -5 -6 -7 -8
leaf_value=0.023839261375316157 -0.014175666040129173 -0.010634470843429601 -0.00087806974250433404 0.0044170724935876059 0.0096309031955686426 0.013869951532419725 0.0046840233095382256
leaf_weight=27.864623859524727 87.51035164296627 29.443912103772163 63.615952387452126 21.710511803627014 23.935628473758698 20.693293899297714 22.620760723948479
leaf_count=112 351 118 255 87 96 83 91
internal_value=0 0.0071058 -0.00452491 -0.0102011 -0.000985707 0.00251025 0.0160968
internal_weight=0 103.865 193.53 109.221 53.3795 84.3092 50.4854
internal_count=1193 417 776 438 214 338 203
is_linear=0
shrinkage=0.03


Tree=17
num_leaves=6
num_cat=0
split_feature=10 24 12 3 27
split_gain=9.75271 8.48941 12.5897 7.71893 3.94848
threshold=4.0088999271392831 -0.3576000034809112 2.2710499763488774 43.364749908447273 1.4363499879837038
decision_type=10 2 2 2 10
left_child=1 3 -3 -1 -2
right_child=4 2 -4 -5 -6
leaf_value=-0.0074014853623441314 -0.0015624927487198634 0.013791744050783653 -0.0071109822206462522 0.011007976602303644 -0.018855933032610534
leaf_weight=94.267801776528358 26.176332518458366 88.759346961975098 33.636914610862732 24.192768320441246 30.272505313158035
leaf_count=378 105 356 135 97 122
internal_value=0 0.00220723 0.00779307 -0.00332998 -0.0115256
internal_weight=0 240.857 122.396 118.461 56.4488
internal_count=1193 966 491 475 227
is_linear=0
shrinkage=0.03


Tree=18
num_leaves=6
num_cat=0
split_feature=10 25 10 25 15
split_gain=9.21689 8.61243 13.4499 7.35708 6.58128
threshold=4.0088999271392831 -1.0296499729156492 -1.3359000086784361 1.1359499692916872 3.5000000000000004
decision_type=10 2 10 2 2
left_child=1 2 -1 -3 -2
right_child=4 3 -4 -5 -6
leaf_value=0.0014754959688644249 -0.019226134120803033 0.012002703429657698 -0.024384359242845242 -0.0010235758428049288 0.00042046075367492189
leaf_weight=66.625187307596207 34.545727699995041 90.200984969735146 22.936702594161034 61.061357870697975 21.859142661094666
leaf_count=267 139 362 92 245 88
internal_value=0 0.00213888 -0.00501205 0.00657506 -0.011215
internal_weight=0 240.824 89.5619 151.262 56.4049
internal_count=1193 966 359 607 227
is_linear=0
shrinkage=0.03


Tree=19
num_leaves=6
num_cat=0
split_feature=10 25 10 14 15
split_gain=8.66376 8.10091 12.7021 7.64981 6.23447
threshold=4.0088999271392831 -1.0296499729156492 -1.3359000086784361 3.5000000000000004 3.5000000000000004
decision_type=10 2 10 2 2
left_child=1 2 -1 -3 -2
right_child=4 3 -4 -5 -6
leaf_value=0.001431889304784645 -0.018686119600140137 -0.0096622646344843924 -0.023693402145211283 0.009165842897046866 0.00040839019468477287
leaf_weight=66.625026643276215 34.507227972149849 20.449329033493996 22.92672398686409 130.77027958631516 21.859622627496719
leaf_count=267 139 82 92 525 88
internal_value=0 0.00206998 -0.00485992 0.0063759 -0.0108801
internal_weight=0 240.771 89.5518 151.22 56.3669
internal_count=1193 966 359 607 227
is_linear=0
shrinkage=0.03


Tree=20
num_leaves=7
num_cat=0
split_feature=10 5 5 5 28 3
split_gain=9.18882 6.75571 8.54434 6.37309 5.05606 4.73369
threshold=2.5630499124526982 1.3599999547004702 0.59450000524520885 0.59749999642372142 1.3182500004768374 26.264699935913089
decision_type=8 8 10 10 10 2
left_child=3 2 -2 5 -5 -1
right_child=1 -3 -4 4 -6 -7
leaf_value=-0.012323699097157597 -0.01558926789129002 -0.022176337022965582 0.005171298131700963 -0.0052287593783456607 0.009299637544844766 0.0026873749281655594
leaf_weight=32.634904816746712 28.323175460100174 22.613745391368866 42.02417528629303 22.619491845369339 122.42326147854328 37.147171184420586
leaf_count=131 114 91 169 91 491 149
internal_value=0 -0.00807039 -0.00286817 0.00316136 0.00680822 -0.00398393
internal_weight=0 92.9611 70.3474 214.825 145.043 69.7821
internal_count=1236 374 283 862 582 280
is_linear=0
shrinkage=0.03


Tree=21
num_leaves=8
num_cat=0
split_feature=12 30 6 30 12 4 25
split_gain=8.69893 12.6759 11.8708 8.24469 6.6661 4.9766 0.678998
threshold=-0.85259997844696034 2.6492000818252568 0.53229999542236339 0.84175002574920665 -4.5255000591278067 21.751899719238285 3.4470000267028813
decision_type=2 2 8 2 2 2 2
left_child=2 3 5 -2 -4 -1 -3
right_child=1 6 4 -5 -6 -7 -8
leaf_value=0.0054582352680275122 -0.0086158790337465766 -0.023788493852408447 0.0067473168541886909 0.0054597405076745988 -0.013723558571368658 0.025129602030504985 -0.010316863149133248
leaf_weight=28.402369320392609 60.256789952516556 21.853167608380318 26.223479345440865 95.378348127007484 27.20887765288353 28.125015318393707 20.275823667645454
leaf_count=114 242 88 105 383 109 113 82
internal_value=0 -0.00399832 0.00647933 0 -0.00318635 0.0160338 -0.01839
internal_weight=0 197.764 109.96 155.635 53.4324 56.5274 42.129
internal_count=1236 795 441 625 214 227 170
is_linear=0
shrinkage=0.03


Tree=22
num_leaves=7
num_cat=0
split_feature=5 11 6 11 2 2
split_gain=7.98144 6.88529 11.4385 6.47771 5.84169 5.954
threshold=0.59450000524520885 -0.47879999876022333 0.47325000166893011 0.24770000576972964 22.287549972534183 52.033050537109382
decision_type=10 2 10 2 2 2
left_child=4 2 -2 -3 -1 -6
right_child=1 3 -4 -5 5 -7
leaf_value=0.0038375017761336453 0.020400667447262825 -0.014997731144177301 -0.0012197874216317219 0.0019188298879131611 -0.019666150146115943 -0.0012072076734554178
leaf_weight=26.401894986629486 42.82712809741497 23.884418874979019 39.166653975844383 104.20893661677837 38.792681723833084 32.363641887903214
leaf_count=106 172 96 157 419 156 130
internal_value=0 0.00304981 0.00982131 -0.0010948 -0.0072819 -0.0118194
internal_weight=0 210.087 81.9938 128.093 97.5582 71.1563
internal_count=1236 844 329 515 392 286
is_linear=0
shrinkage=0.03


Tree=23
num_leaves=6
num_cat=0
split_feature=10 28 28 27 1
split_gain=8.51257 5.37609 8.02372 4.13445 2.60431
threshold=2.5630499124526982 1.3182500004768374 2.3182499408721928 1.5956999659538271 0.652950018644333
decision_type=8 10 8 8 2
left_child=1 -1 -3 4 -2
right_child=3 2 -4 -5 -6
leaf_value=-0.0078583251863421442 -0.0070656388440663437 0.01418146179170442 0.00052287993622964824 -0.015224964553160827 0.0059795894461844414
leaf_weight=31.580237448215485 34.120248839259148 58.726578131318092 124.42221131920815 38.830477610230446 19.918012484908104
leaf_count=127 137 236 499 157 80
internal_value=0 0.00304347 0.00511864 -0.00777131 -0.00169093
internal_weight=0 214.729 183.149 92.8687 54.0383
internal_count=1236 862 735 374 217
is_linear=0
shrinkage=0.03


Tree=24
num_leaves=6
num_cat=0
split_feature=7 12 12 32 24
split_gain=9.0082 12.8449 12.0601 6.77322 3.17979
threshold=0.38140000402927404 -0.85259997844696034 -4.5255000591278067 1.5000000000000002 -0.53429999947547901
decision_type=8 2 2 2 2
left_child=1 -1 -2 -3 -4
right_child=2 3 4 -5 -6
leaf_value=0.027619899314742905 0.011005312619323415 0.0080268950776726834 -0.012081334218080624 -0.0091967059503189254 -0.0031015178704085766
leaf_weight=20.533889293670654 37.183327957987785 52.747692167758942 76.778567656874657 31.568264782428741 88.710517838597298
leaf_count=83 149 212 308 127 357
internal_value=0 0.0068651 -0.00391653 0.00119446 -0.00749543
internal_weight=0 104.85 202.672 84.316 165.489
internal_count=1236 422 814 339 665
is_linear=0
shrinkage=0.03


Tree=25
num_leaves=7
num_cat=0
split_feature=7 26 7 26 26 4
split_gain=6.17241 20.0379 9.1371 5.40801 3.99555 2.60195
threshold=0.38230000436306005 -0.68540000915527333 0.41134999692440039 -3.9337999820709224 -0.27584999799728388 20.067099571228031
decision_type=8 8 10 10 10 2
left_child=1 5 -2 -4 -3 -1
right_child=2 4 3 -5 -6 -7
leaf_value=0.0074933041755836953 -0.017323282594140593 -0.013704694935438263 0.011596359651181753 -0.0025832055900737298 0.0014462870121903224 0.024411954358845911
leaf_weight=20.353533372282982 32.201419591903687 30.132309854030609 28.446192413568497 134.98453795909882 24.855883896350861 33.718208640813828
leaf_count=82 130 121 114 542 100 136
internal_value=0 0.00589028 -0.00297492 0 -0.00641678 0.0188399
internal_weight=0 109.06 195.632 163.431 54.9882 54.0717
internal_count=1225 439 786 656 221 218
is_linear=0
shrinkage=0.03


Tree=26
num_leaves=6
num_cat=0
split_feature=7 22 7 12 10
split_gain=5.83145 12.8049 8.62847 8.06491 6.54775
threshold=0.38230000436306005 -0.16529999673366544 0.41134999692440039 -0.15369999408721921 1.5577499866485598
decision_type=8 2 10 2 10
left_child=1 -1 -2 -3 -4
right_child=2 3 4 -5 -6
leaf_value=0.02102533016667681 -0.016841603111003627 0.012732410111592717 0.0036155088118447554 -0.007802014337095947 -0.0097579627204425305
leaf_weight=33.143971353769302 32.157985016703606 24.314416095614433 119.01131480932236 51.531655624508858 44.413706451654434
leaf_count=134 130 98 477 207 179
internal_value=0 0.00573096 -0.00288772 -0.000748759 0
internal_weight=0 108.99 195.583 75.8461 163.425
internal_count=1225 439 786 305 656
is_linear=0
shrinkage=0.03


Tree=27
num_leaves=4
num_cat=0
split_feature=4 12 5
split_gain=4.92219 6.11275 6.06428
threshold=3.7152000665664677 -5.5582501888275138 0.59749999642372142
decision_type=2 2 10
left_child=-1 -2 -3
right_child=1 2 -4
leaf_value=-0.011103898915332434 0.014711251302551078 -0.0068126045226423798 0.0031975937281801007
leaf_weight=30.094937086105347 27.18894562125206 79.432346448302269 167.69704119861126
leaf_count=121 109 320 675
internal_value=0 0.00147526 0
internal_weight=0 274.318 247.129
internal_count=1225 1104 995
is_linear=0
shrinkage=0.03


Tree=28
num_leaves=7
num_cat=0
split_feature=7 23 7 7 13 7
split_gain=5.59004 9.80718 8.06034 6.91813 6.68245 3.90098
threshold=0.38230000436306005 0.36405000090599066 0.41134999692440039 0.31889998912811285 1.0000000180025095e-35 0.33595000207424169
decision_type=8 2 10 10 2 10
left_child=1 3 -2 -1 -4 -3
right_child=2 5 4 -5 -6 -7
leaf_value=0 -0.016335924598108498 -0.011857886799163697 0.0039345056363841975 0.021819019025242775 -0.0091135484536039018 0.0038323274181248949
leaf_weight=20.551961407065392 32.102770313620567 25.387185946106911 113.25285218656063 36.611830413341522 50.116021424531937 26.354991674423218
leaf_count=83 130 102 454 148 202 106
internal_value=0 0.00560615 -0.00283544 0.0141705 0 -0.0033761
internal_weight=0 108.906 195.472 57.1638 163.369 51.7422
internal_count=1225 439 786 231 656 208
is_linear=0
shrinkage=0.03


Tree=29
num_leaves=6
num_cat=0
split_feature=21 7 7 5 4
split_gain=5.33608 12.9067 7.95319 5.00461 3.79787
threshold=-0.1597499996423721 0.38230000436306005 0.42374999821186071 0.39949999749660497 46.049850463867195
decision_type=2 8 10 10 2
left_child=1 -1 -3 -2 -5
right_child=3 2 -4 4 -6
leaf_value=0.022764790288886502 -0.016008989546802934 -0.016567159778484809 0.004461852854759276 -0.0033225359817103044 0.0078033091578596503
leaf_weight=27.564180955290794 22.362744212150574 20.058319345116615 68.27062352001667 132.91734421253204 33.047034621238708
leaf_count=112 90 81 274 535 133
internal_value=0 0.00522235 -0.00010972 -0.00292235 -0.000893997
internal_weight=0 115.893 88.3289 188.327 165.964
internal_count=1225 467 355 758 668
is_linear=0
shrinkage=0.03


Tree=30
num_leaves=6
num_cat=0
split_feature=7 12 10 10 1
split_gain=11.924 12.4099 7.68826 7.25109 5.23962
threshold=0.62254998087883007 -0.62619999051094044 3.912949919700623 -12.625400066375731 0.4041499942541123
decision_type=10 2 10 10 2
left_child=1 4 -3 -2 -1
right_child=3 2 -4 -5 -6
leaf_value=0 0 0.0010515216986770074 -0.012266178366433712 -0.024342390441127661 0.016851058476298177
leaf_weight=22.570337027311325 21.196151420474052 124.03206689655781 53.73829348385334 28.168681636452675 51.354179307818413
leaf_count=91 85 499 218 113 207
internal_value=0 0.00131436 -0.00285257 -0.0146151 0.0116396
internal_weight=0 251.695 177.77 49.3648 73.9245
internal_count=1213 1015 717 198 298
is_linear=0
shrinkage=0.03


Tree=31
num_leaves=5
num_cat=0
split_feature=7 23 25 9
split_gain=11.2678 8.29703 6.67863 6.66649
threshold=0.62254998087883007 -1.7017499804496763 -3.5695500373840328 -0.89065000414848317
decision_type=10 2 2 10
left_child=1 -1 -2 -3
right_child=2 3 -4 -5
leaf_value=0.018630895970327094 -0.026377302139075336 -0.0096895029252739746 -0.0028451684218951177 0.0023534590019591217
leaf_weight=21.63506780564785 21.922668799757957 52.607313901185989 27.42804192006588 177.35418935120106
leaf_count=87 88 212 110 716
internal_value=0 0.00127489 -0.0142107 -0.000301691
internal_weight=0 251.597 49.3507 229.962
internal_count=1213 1015 198 928
is_linear=0
shrinkage=0.03


Tree=32
num_leaves=6
num_cat=0
split_feature=7 24 6 27 6
split_gain=10.6593 9.99688 9.08763 7.48996 6.55231
threshold=0.62254998087883007 2.2869501113891606 0.37945000827312475 2.5667999982833867 0.6667500138282777
decision_type=10 2 10 10 10
left_child=1 2 -1 -3 -2
right_child=4 3 -4 -5 -6
leaf_value=-0.001212510743648493 -0.0032647342244954661 -0.023048301017961455 0.011328141298763764 0 -0.02677933189990311
leaf_weight=110.79476861655712 29.14691635966301 22.227694123983383 90.958151951432228 27.605193480849266 20.18855956196785
leaf_count=447 117 90 366 112 81
internal_value=0 0.00123804 0.00432133 -0.0104942 -0.013824
internal_weight=0 251.586 201.753 49.8329 49.3355
internal_count=1213 1015 813 202 198
is_linear=0
shrinkage=0.03


Tree=33
num_leaves=5
num_cat=0
split_feature=11 24 9 2
split_gain=11.9691 10.7591 9.78893 5.50382
threshold=-3.6180000305175777 2.2869501113891606 0.25894999504089361 35.346151351928718
decision_type=2 2 10 2
left_child=-1 2 -2 -3
right_child=1 3 -4 -5
leaf_value=-0.022393207664445566 -0.00075756053866337357 0 0.012351702404570737 -0.018104623096295996
leaf_weight=21.166993781924248 149.94994315505028 20.255838632583618 73.996488198637962 35.519392922520638
leaf_count=85 604 82 298 144
internal_value=0 0.000430344 0.0034763 -0.0111171
internal_weight=0 279.722 223.946 55.7752
internal_count=1213 1128 902 226
is_linear=0
shrinkage=0.03


Tree=34
num_leaves=5
num_cat=0
split_feature=11 9 9 29
split_gain=11.2979 9.24734 9.79295 4.89834
threshold=-3.6180000305175777 1.5516999959945681 0.25894999504089361 -1.2157499790191648
decision_type=2 10 10 2
left_child=-1 2 -2 -3
right_child=1 3 -4 -5
leaf_value=-0.021764791768565838 -0.00081639823685239737 -0.021874342973990706 0.012512618710241764 -0.0026614737907956578
leaf_weight=21.153867051005363 150.19394959509373 19.941440388560295 70.460142254829407 39.038046196103096
leaf_count=85 605 81 284 158
internal_value=0 0.00041363 0.00334178 -0.00991406
internal_weight=0 279.634 220.654 58.9795
internal_count=1213 1128 889 239
is_linear=0
shrinkage=0.03


Tree=35
num_leaves=6
num_cat=0
split_feature=7 6 6 31 6
split_gain=7.39307 8.6055 7.72313 6.41748 3.85263
threshold=0.46340000629425054 0.20344999432563785 0.43119999766349798 1.5000000000000002 0.51905000209808361
decision_type=8 10 10 2 10
left_child=1 -1 -2 -3 -4
right_child=2 3 4 -5 -6
leaf_value=-0.012132692797690347 -0.019712450027683421 0.010506781041435877 0.0088445661341285658 -0.0027013690964389154 -0.0045064561017446802
leaf_weight=22.073090061545372 24.173255637288094 123.93201139569283 25.106979459524155 40.118926882743835 71.306364327669144
leaf_count=89 97 501 101 162 287
internal_value=0 0.00460452 -0.00486211 0.00709815 -0.000666649
internal_weight=0 186.124 120.587 164.051 96.4133
internal_count=1237 752 485 663 388
is_linear=0
shrinkage=0.03


Tree=36
num_leaves=6
num_cat=0
split_feature=28 9 24 4 0
split_gain=6.18757 10.2114 7.44531 5.70913 3.64346
threshold=4.69219994544983 -1.1432999968528745 2.3191500902175908 25.150600433349613 -0.070499997586011873
decision_type=10 10 2 2 2
left_child=1 4 -3 -2 -1
right_child=3 2 -4 -5 -6
leaf_value=-0.0015958036919336159 0 0.0051511366169680866 -0.0091236980162799179 0.020246755568578623 -0.018232595936522808
leaf_weight=24.533499523997307 25.527519762516022 157.79395917057991 39.492768093943596 24.849242106080055 34.50683069229126
leaf_count=99 103 636 160 100 139
internal_value=0 -0.0010477 0.00211071 0.0103072 -0.0119608
internal_weight=0 256.327 197.287 50.3768 59.0403
internal_count=1237 1034 796 203 238
is_linear=0
shrinkage=0.03


Tree=37
num_leaves=6
num_cat=0
split_feature=7 13 28 6 25
split_gain=6.95833 9.03778 13.4623 8.21254 9.54027
threshold=0.46340000629425054 1.0000000180025095e-35 4.69219994544983 0.20344999432563785 1.8723000288009646
decision_type=8 2 10 10 2
left_child=3 2 -2 -1 -5
right_child=1 -3 -4 4 -6
leaf_value=-0.011907209665515232 -0.0073949000302067315 -0.017364884478544135 0.017942195587336708 0.01121563038031958 -0.0047645892034085492
leaf_weight=22.081733584403992 59.039679527282715 35.071100533008575 26.4499671459198 121.33489312231541 42.667627573013306
leaf_count=89 237 142 106 490 173
internal_value=0 -0.00475355 0.00021419 0.00443204 0.00687265
internal_weight=0 120.561 85.4896 186.084 164.003
internal_count=1237 485 343 752 663
is_linear=0
shrinkage=0.03


Tree=38
num_leaves=6
num_cat=0
split_feature=7 13 26 12 15
split_gain=6.53784 8.53708 8.69595 8.37166 7.33369
threshold=0.46340000629425054 1.0000000180025095e-35 -3.4226499795913692 -1.3213999867439268 5.5000000000000009
decision_type=8 2 10 2 2
left_child=3 2 -2 -1 -5
right_child=1 -3 -4 4 -6
leaf_value=0.017928627704450861 0.016614363585155868 -0.016884295376209068 -0.0050083418888512083 -0.0013115010744994653 0.017432985891359682
leaf_weight=32.561898872256279 21.455754429101944 35.016564607620239 64.032127618789673 132.88677114248276 20.580432072281837
leaf_count=132 86 142 257 537 83
internal_value=0 -0.00461489 0.00020101 0.00428991 0.00110456
internal_weight=0 120.504 85.4879 186.029 153.467
internal_count=1237 485 343 752 620
is_linear=0
shrinkage=0.03


Tree=39
num_leaves=6
num_cat=0
split_feature=10 7 12 30 10
split_gain=8.24265 6.16296 5.58392 5.58274 5.28023
threshold=3.9440000057220463 0.455350011587143 -5.5582501888275138 1.5140500068664553 5.3432002067565927
decision_type=8 10 2 2 10
left_child=1 3 -3 -1 -2
right_child=4 2 -4 -5 -6
leaf_value=0.002633500775098498 -0.017413120112533452 0.0091465456264400828 -0.0062874449980595461 0.015762990102507524 0
leaf_weight=93.965951412916183 31.328168541193008 26.662412643432617 79.136569246649742 47.138289391994476 28.189151644706726
leaf_count=380 127 107 318 190 115
internal_value=0 0.00317889 -0.0020678 0.0073108 -0.00913516
internal_weight=0 246.903 105.799 141.104 59.5173
internal_count=1237 995 425 570 242
is_linear=0
shrinkage=0.03


Tree=40
num_leaves=6
num_cat=0
split_feature=12 6 31 9 12
split_gain=8.49914 7.89328 5.74848 5.39496 2.74053
threshold=2.090599894523621 0.67765000462532055 1.5000000000000002 -0.14270000159740445 3.3177499771118169
decision_type=2 8 2 10 2
left_child=1 2 -1 -2 -5
right_child=3 -3 -4 4 -6
leaf_value=0.0066490542048143683 0 -0.013322004925943804 -0.0046408198291446488 -0.024936320094585084 -0.0076282987572041461
leaf_weight=149.46674804389477 34.604171827435493 26.907410278916359 51.594522222876549 20.803766891360283 26.721342071890831
leaf_count=603 140 108 208 84 109
internal_value=0 0.00141765 0.00359485 -0.00971708 -0.0161807
internal_weight=0 227.969 201.061 82.1293 47.5251
internal_count=1252 919 811 333 193
is_linear=0
shrinkage=0.03


Tree=41
num_leaves=5
num_cat=0
split_feature=5 12 24 15
split_gain=10.14 7.69893 11.3831 8.83795
threshold=2.3845000267028813 2.090599894523621 1.2337499856948855 1.0000000180025095e-35
decision_type=10 2 2 2
left_child=1 3 -3 -1
right_child=-2 2 -4 -5
leaf_value=0.013977517465470596 0.016421315610699264 -0.00066928274131532964 -0.02456280985344363 -0.0027991126950570569
leaf_weight=32.646442219614983 24.772186398506165 45.300744816660881 32.085449114441872 175.21027924120426
leaf_count=132 100 183 131 706
internal_value=0 -0.0031323 -0.0111456 0
internal_weight=0 285.243 77.3862 207.857
internal_count=1252 1152 314 838
is_linear=0
shrinkage=0.03


Tree=42
num_leaves=7
num_cat=0
split_feature=12 7 12 12 23 21
split_gain=7.59983 5.62479 11.5927 4.87361 7.67577 3.19188
threshold=2.090599894523621 0.62790000438690197 -2.3827999830245967 3.0564500093460087 0.45310001075267797 -0.33335000276565546
decision_type=2 8 2 2 2 2
left_child=1 2 -1 -2 -5 -3
right_child=3 5 -4 4 -6 -7
leaf_value=0.018598090200083621 -0.019580928933595022 0 0 0.0091213363875802117 -0.012929268962234976 -0.014135443983910916
leaf_weight=37.166219905018806 27.250423297286034 22.926695227622986 140.93829993903637 22.71369905769825 32.028452605009079 26.878918305039406
leaf_count=150 110 92 569 92 131 108
internal_value=0 0.00132743 0.00393114 -0.00920447 -0.00324231 -0.00728703
internal_weight=0 227.91 178.105 81.9926 54.7422 49.8056
internal_count=1252 919 719 333 223 200
is_linear=0
shrinkage=0.03


Tree=43
num_leaves=6
num_cat=0
split_feature=12 6 9 11 12
split_gain=7.17019 7.25383 4.66802 4.58081 2.59652
threshold=2.090599894523621 0.67765000462532055 -0.14270000159740445 0.46680000424385076 3.3177499771118169
decision_type=2 8 10 2 2
left_child=1 3 -2 -1 -4
right_child=2 -3 4 -5 -6
leaf_value=0 0 -0.012842026074475283 -0.02344382109983173 0.0093419816823898088 -0.0066761483871252388
leaf_weight=128.27905680239201 34.589629858732224 26.890902653336525 20.727545112371445 72.683300212025642 26.606736749410629
leaf_count=518 140 108 84 293 109
internal_value=0 0.00128699 -0.0089444 0.00338037 -0.0149725
internal_weight=0 227.853 81.9239 200.962 47.3343
internal_count=1252 919 333 811 193
is_linear=0
shrinkage=0.03


Tree=44
num_leaves=6
num_cat=0
split_feature=12 15 7 12 11
split_gain=6.78584 8.75431 7.48147 4.49124 9.60448
threshold=2.090599894523621 1.0000000180025095e-35 0.36994999647140508 3.0564500093460087 2.094500064849854
decision_type=2 2 8 2 2
left_child=1 -1 -3 -2 -5
right_child=3 2 -4 4 -6
leaf_value=0.014869878385820975 -0.018680829789433397 0.0080763654573210962 -0.0049443584843718649 0.0080631642839806457 -0.016420829385659738
leaf_weight=35.082121014595032 27.197252824902534 53.599320501089096 139.15543980896473 29.039465039968491 25.629440575838089
leaf_count=142 110 217 560 118 105
internal_value=0 0.00124334 -0.00114585 -0.00871058 -0.00296511
internal_weight=0 227.837 192.755 81.8662 54.6689
internal_count=1252 919 777 333 223
is_linear=0
shrinkage=0.03


Tree=45
num_leaves=5
num_cat=0
split_feature=6 7 23 23
split_gain=9.55934 7.56717 8.46584 6.67205
threshold=0.20344999432563785 0.38334999978542333 -1.8347499966621397 0.36405000090599066
decision_type=10 10 2 2
left_child=-1 3 -3 -2
right_child=1 2 -4 -5
leaf_value=-0.018293697067421181 0.017815413790775274 0.011509757002166467 -0.0040693126105196221 0.0007416187302203694
leaf_weight=20.336229279637337 44.334235534071922 38.095272377133369 153.18505011498928 45.048245042562485
leaf_count=82 181 153 619 182
internal_value=0 0.00246518 -0.00076685 0.00964566
internal_weight=0 280.663 191.28 89.3825
internal_count=1217 1135 772 363
is_linear=0
shrinkage=0.03


Tree=46
num_leaves=5
num_cat=0
split_feature=26 26 29 26
split_gain=8.31584 4.02572 10.7056 6.83625
threshold=-3.9337999820709224 -0.40854999423027033 -0.34245000779628748 -2.1062999963760372
decision_type=10 10 2 10
left_child=-1 3 -3 -2
right_child=1 2 -4 -5
leaf_value=0.015680722307625794 -0.0080349607225547442 -0.018326074468390578 0.0051443524254252207 0.0045013625797359486
leaf_weight=29.86390820145607 50.378351613879204 35.437616273760796 30.134463727474213 155.06747728586197
leaf_count=120 204 143 122 628
internal_value=0 -0.000690758 -0.00717406 0.00125792
internal_weight=0 271.018 65.5721 205.446
internal_count=1217 1097 265 832
is_linear=0
shrinkage=0.03


Tree=47
num_leaves=4
num_cat=0
split_feature=6 11 22
split_gain=8.89168 7.7702 8.50107
threshold=0.20344999432563785 -3.273299932479858 -0.82509997487068165
decision_type=10 2 2
left_child=-1 -2 -3
right_child=1 2 -4
leaf_value=-0.017650768767627969 -0.013963986009858237 0.015489753391153535 0.0012085096166634837
leaf_weight=20.352724134922028 22.313360065221786 46.338400825858116 211.85209560394287
leaf_count=82 90 187 858
internal_value=0 0.00236212 0.00393724
internal_weight=0 280.504 258.19
internal_count=1217 1135 1045
is_linear=0
shrinkage=0.03


Tree=48
num_leaves=4
num_cat=0
split_feature=6 11 26
split_gain=8.38528 7.337 12.8586
threshold=0.20344999432563785 -3.273299932479858 -3.9337999820709224
decision_type=10 2 10
left_child=-1 -2 -3
right_child=1 2 -4
leaf_value=-0.017136235964618891 -0.013568269630755478 0.026505452482089176 0.0017043407010141627
leaf_weight=20.364752024412155 22.304497957229614 19.879885837435722 238.30157464742661
leaf_count=82 90 80 965
internal_value=0 0.0022917 0.00382466
internal_weight=0 280.486 258.181
internal_count=1217 1135 1045
is_linear=0
shrinkage=0.03


Tree=49
num_leaves=5
num_cat=0
split_feature=28 12 25 0
split_gain=7.45771 8.315 8.82217 6.71741
threshold=1.2626500129699709 2.090599894523621 1.3558499813079836 0.016499999910593036
decision_type=8 2 2 2
left_child=-1 3 -3 -2
right_child=1 2 -4 -5
leaf_value=-0.012136707942464488 0.011062759812353188 0.0038203125229537599 -0.016623876699374998 0
leaf_weight=33.737501576542854 103.24875468015671 35.790344625711441 35.042690888047218 93.019581541419029
leaf_count=136 417 145 144 375
internal_value=0 0.00258159 -0.00596687 0.00583341
internal_weight=0 267.101 70.833 196.268
internal_count=1217 1081 289 792
is_linear=0
shrinkage=0.03


Tree=50
num_leaves=7
num_cat=0
split_feature=5 8 8 7 25 3
split_gain=8.28448 7.17488 6.81827 6.81138 6.27178 4.64928
threshold=0.59749999642372142 0.26450000703334814 1.2340000271797182 0.38140000402927404 0.49160000681877142 28.490249633789066
decision_type=10 10 10 10 2 2
left_child=3 4 -3 -1 -2 -5
right_child=1 2 -4 5 -6 -7
leaf_value=0.0025715614801101218 0.0018535107278679801 -0.0097463006245920841 0.0092945495175705429 -0.020314242668465651 0.016342413738449503 -0.0033254048261228309
leaf_weight=34.605827167630196 80.662320598959923 56.623876079916954 21.687260419130325 36.990538761019707 44.416843727231026 32.130390539765358
leaf_count=140 326 229 88 150 180 130
internal_value=0 0.00280263 -0.00404422 -0.00754686 0.00732542 -0.013005
internal_weight=0 203.39 78.3111 103.727 125.079 69.1209
internal_count=1243 823 317 420 506 280
is_linear=0
shrinkage=0.03


Tree=51
num_leaves=6
num_cat=0
split_feature=14 22 9 14 0
split_gain=6.07545 5.0596 10.3607 4.97096 4.46578
threshold=4.5000000000000009 -0.80975002050399769 -0.54514998197555531 12.500000000000002 -0.11005000025033949
decision_type=2 2 10 2 2
left_child=4 3 -3 -2 -1
right_child=1 2 -4 -5 -6
leaf_value=0 0 -0.011796692348298577 0.0034301836823087792 0.018833993879922004 -0.015791361966743182
leaf_weight=23.635634988546371 24.972416073083878 54.462547093629837 142.8579186797142 25.545379132032394 35.562955066561699
leaf_count=96 101 220 579 103 144
internal_value=0 0.00138154 -0.000659617 0.00979458 -0.00920288
internal_weight=0 247.838 197.32 50.5178 59.1986
internal_count=1243 1003 799 204 240
is_linear=0
shrinkage=0.03


Tree=52
num_leaves=8
num_cat=0
split_feature=5 14 11 9 9 3 6
split_gain=7.6971 7.48586 8.3543 6.64199 7.593 3.90552 3.30109
threshold=0.59749999642372142 12.500000000000002 -0.47879999876022333 -0.56865000724792469 1.3243499994277956 25.866199493408207 0.34995000064373022
decision_type=10 2 2 10 10 2 10
left_child=3 6 -3 5 -5 -1 -2
right_child=1 2 -4 4 -6 -7 -8
leaf_value=-0.024697027600461323 -0.0089698623273627136 0.020133841582960315 0.0010635111628578141 0.0071122848600088662 -0.014919423249573564 -0.0045344732822413664 0.0013373582363484624
leaf_weight=22.846190989017487 41.456238225102425 36.331431820988655 54.784082472324371 38.863432019948959 20.648432314395905 21.268428862094879 70.789420828223228
leaf_count=93 168 147 222 157 84 86 286
internal_value=0 0.00272133 0.00912932 -0.00725789 -0.000156367 -0.0159573 -0.00225014
internal_weight=0 203.361 91.1155 103.626 59.5119 44.1146 112.246
internal_count=1243 823 369 420 241 179 454
is_linear=0
shrinkage=0.03


Tree=53
num_leaves=8
num_cat=0
split_feature=5 9 9 1 1 5 10
split_gain=7.2869 6.28947 7.16818 4.84578 9.95877 4.74068 3.23924
threshold=0.59749999642372142 -0.56865000724792469 1.3243499994277956 0.8712500035762788 1.0760000348091128 0.81649997830390941 -1.9114000201225279
decision_type=10 10 10 2 2 10 10
left_child=1 6 -3 5 -5 -2 -1
right_child=3 2 -4 4 -6 -7 -8
leaf_value=-0.0050935189904454817 0.0067763244826540064 0.0069049984054517129 -0.014508938195019324 0.024038681069580306 0.00043342655244982091 -0.0051641354581915397 -0.023834605875137634
leaf_weight=21.821051269769669 44.73184072971344 38.859282299876213 20.624294862151146 24.401860281825066 51.454183042049408 82.747397005558014 22.237824842333794
leaf_count=88 181 157 84 99 208 335 91
internal_value=0 -0.00706527 -0.00014082 0.0026465 0.00863123 -0.000720654 -0.0155375
internal_weight=0 103.542 59.4836 203.335 75.856 127.479 44.0589
internal_count=1243 420 241 823 307 516 179
is_linear=0
shrinkage=0.03


Tree=54
num_leaves=8
num_cat=0
split_feature=5 26 2 1 0 25 26
split_gain=6.90263 6.54949 5.99985 3.82698 3.20213 3.4152 3.40735
threshold=0.59749999642372142 -1.1385500431060789 52.440500259399421 0.70260000228881847 -1.0000000180025095e-35 0.51759999990463268 -1.1129999756813047
decision_type=10 8 2 2 2 2 10
left_child=4 3 -3 -2 5 -1 -6
right_child=1 2 -4 -5 6 -7 -8
leaf_value=-0.0087393220813577494 0 0.0036762865694593403 -0.010111985543001151 0.012914046443645357 -0.019399028140740439 0.005897689796729705 -0.0018341313468450496
leaf_weight=27.85371658205986 32.784085363149643 61.983956351876259 48.492118999361992 60.054289653897285 27.545786768198013 26.060638770461082 21.985342860221863
leaf_count=113 133 251 196 243 112 106 89
internal_value=0 0.00257564 -0.00214321 0.00847368 -0.00687905 -0.00113935 -0.0123868
internal_weight=0 203.314 110.476 92.8384 103.445 53.9144 49.5311
internal_count=1243 823 447 376 420 219 201
is_linear=0
shrinkage=0.03


Tree=55
num_leaves=6
num_cat=0
split_feature=28 7 22 7 7
split_gain=6.95165 7.60278 11.5307 6.74197 6.70119
threshold=4.8784499168396005 0.38504999876022344 -0.15079999715089795 0.40495000779628759 0.62254998087883007
decision_type=8 10 2 10 10
left_child=1 2 -1 -3 -2
right_child=4 3 -4 -5 -6
leaf_value=0.018698469098966261 0.021755312012155307 -0.021048483161242894 -0.0021954390462540154 -0.003249961810639768 0
leaf_weight=32.639766737818718 22.939994543790817 23.262947782874107 74.187415942549706 128.83951595425606 23.588212877511978
leaf_count=134 93 95 300 520 95
internal_value=0 -0.00191871 0.00402443 -0.00628776 0.0105595
internal_weight=0 258.93 106.827 152.102 46.5282
internal_count=1237 1049 434 615 188
is_linear=0
shrinkage=0.03


Tree=56
num_leaves=5
num_cat=0
split_feature=11 22 14 5
split_gain=6.35254 9.7156 13.3979 6.80238
threshold=-3.273299932479858 -0.80975002050399769 11.500000000000002 0.43299999833107
decision_type=2 2 2 10
left_child=-1 2 -2 -3
right_child=1 3 -4 -5
leaf_value=-0.015181377607292663 -0.0013722721907436504 -0.012624622536853243 0.029101838532034432 0.00096458157110197501
leaf_weight=21.935469418764114 23.556636184453964 38.226720258593559 23.64495000243187 197.95143820345402
leaf_count=89 95 155 96 802
internal_value=0 0.00123144 0.013558 -0.00115237
internal_weight=0 283.38 47.2016 236.178
internal_count=1237 1148 191 957
is_linear=0
shrinkage=0.03


Tree=57
num_leaves=6
num_cat=0
split_feature=10 2 5 21 11
split_gain=6.46026 7.21008 6.94715 4.62085 3.305
threshold=3.9440000057220463 17.712450027465824 0.8465000092983247 -0.084600001573562608 -1.0000000180025095e-35
decision_type=10 2 10 2 2
left_child=1 4 -3 -2 -1
right_child=3 2 -4 -5 -6
leaf_value=0.0034212456535167115 0.00091364356362020932 -0.0058407670337589073 0.0052240097768048556 -0.015912891392875592 0.020658788763935156
leaf_weight=26.947228416800499 19.587806582450867 104.60789550840855 97.092523768544197 34.207309171557426 22.78186722099781
leaf_count=109 80 423 393 140 92
internal_value=0 0.00203037 -0.000367019 -0.00933368 0.012161
internal_weight=0 251.43 201.7 53.7951 49.7291
internal_count=1237 1017 816 220 201
is_linear=0
shrinkage=0.03


Tree=58
num_leaves=5
num_cat=0
split_feature=28 31 1 14
split_gain=6.56934 7.20552 4.51748 4.37582
threshold=4.8784499168396005 2.5000000000000004 0.99195000529289257 3.5000000000000004
decision_type=8 2 2 2
left_child=1 3 -2 -1
right_child=2 -3 -4 -5
leaf_value=-0.0098303418987746947 0.020085315825335532 -0.015094943002148118 0.0002290293499632673 0.0017656836571483116
leaf_weight=33.471177160739899 21.488824859261513 31.42953434586525 24.994801074266434 193.72956010699272
leaf_count=136 87 127 101 786
internal_value=0 -0.00186633 0.0102698 0
internal_weight=0 258.63 46.4836 227.201
internal_count=1237 1049 188 922
is_linear=0
shrinkage=0.03


Tree=59
num_leaves=6
num_cat=0
split_feature=10 2 5 11 11
split_gain=6.08338 6.79318 6.61384 4.38393 3.11873
threshold=3.9440000057220463 17.712450027465824 0.8465000092983247 1.0972999930381777 -1.0000000180025095e-35
decision_type=10 2 10 2 2
left_child=1 4 -3 -2 -1
right_child=3 2 -4 -5 -6
leaf_value=0.003286180125461521 0 -0.0056890522037759657 0.0051085405597369312 -0.017449446956688871 0.020077057052086893
leaf_weight=26.941789880394936 27.031612798571587 104.59084063768387 97.056661069393158 26.694581538438797 22.773931205272675
leaf_count=109 110 423 393 110 92
internal_value=0 0.00197868 -0.000344368 -0.00905483 0.0118135
internal_weight=0 251.363 201.648 53.7262 49.7157
internal_count=1237 1017 816 220 201
is_linear=0
shrinkage=0.03


Tree=60
num_leaves=5
num_cat=0
split_feature=9 11 31 22
split_gain=9.90273 6.51943 6.81097 4.73799
threshold=1.7925999760627749 -2.9278999567031856 2.5000000000000004 0.91534999012947094
decision_type=8 2 2 2
left_child=1 -1 -3 -2
right_child=3 2 -4 -5
leaf_value=-0.0092534907401409933 -0.017429333458300379 0.0082610488539424237 -0.0081698812453292764 0
leaf_weight=24.642636895179749 28.864237159490585 196.46503430604935 23.039300486445427 25.244420886039734
leaf_count=100 118 797 93 103
internal_value=0 0.00464043 0.00637117 -0.00934056
internal_weight=0 244.147 219.504 54.1087
internal_count=1211 990 890 221
is_linear=0
shrinkage=0.03


Tree=61
num_leaves=6
num_cat=0
split_feature=24 10 7 11 10
split_gain=6.83768 7.71643 7.55629 9.11788 7.87261
threshold=2.1589499711990361 3.4317499399185185 0.62790000438690197 -1.2939000129699705 -12.625400066375731
decision_type=2 10 8 2 8
left_child=2 -2 3 -1 -4
right_child=1 -3 4 -5 -6
leaf_value=0.017368460815553672 0.0019750627130327874 -0.018533460226422237 0.005590275394488726 0.0025630134128696745 -0.019225301508271585
leaf_weight=53.640939354896545 34.246349453926086 27.103437468409538 19.884591221809387 141.48659440875053 21.783093497157097
leaf_count=218 138 113 80 574 88
internal_value=0 -0.00675608 0.00430186 0.00685383 -0.00682627
internal_weight=0 61.3498 236.795 195.128 41.6677
internal_count=1211 251 960 792 168
is_linear=0
shrinkage=0.03


Tree=62
num_leaves=5
num_cat=0
split_feature=9 15 28 9
split_gain=8.93216 6.76119 4.07673 5.32755
threshold=1.7925999760627749 3.5000000000000004 1.1687999963760378 0.54835000634193432
decision_type=8 2 10 10
left_child=2 -2 -1 -4
right_child=1 -3 3 -5
leaf_value=-0.0052137833879417469 -0.017056012036602803 0.0036335362259260133 0.0028533856289814923 0.01404066053363638
leaf_weight=30.665618598461151 33.937981888651848 20.046515285968781 158.43738836050034 54.890003889799118
leaf_count=124 139 82 643 223
internal_value=0 -0.00890122 0.00438613 0.00592397
internal_weight=0 53.9845 243.993 213.327
internal_count=1211 221 990 866
is_linear=0
shrinkage=0.03


Tree=63
num_leaves=7
num_cat=0
split_feature=25 11 13 28 10 11
split_gain=8.11972 9.01791 11.6781 7.24911 7.28492 6.85637
threshold=1.7232500314712527 0.64964997768402111 1.0000000180025095e-35 1.9566500186920168 4.1214499473571786 -0.47879999876022333
decision_type=2 2 2 10 10 2
left_child=1 5 -3 -2 -5 -1
right_child=3 2 -4 4 -6 -7
leaf_value=0.0051433217005473954 -0.021737827947356833 0.00040551470042371842 0.027120181897029836 0.0083573631983814914 -0.013203196002562227 -0.0080288385396517763
leaf_weight=109.28109169006348 19.620590820908546 31.647599428892136 31.064408048987389 31.978306978940964 23.426299542188644 50.87270899116993
leaf_count=444 80 128 126 129 98 206
internal_value=0 0.0047509 0.0143275 -0.00651285 -0.000299506 0.000749182
internal_weight=0 222.866 62.712 75.0252 55.4046 160.154
internal_count=1211 904 254 307 227 650
is_linear=0
shrinkage=0.03


Tree=64
num_leaves=7
num_cat=0
split_feature=24 27 7 10 26 10
split_gain=6.01926 7.12888 7.10346 7.42878 7.2321 3.13952
threshold=2.1589499711990361 2.0865999460220341 0.62790000438690197 -12.625400066375731 -2.7020499706268306 3.1263499259948735
decision_type=2 10 8 8 10 10
left_child=2 -2 4 -4 -1 -3
right_child=1 5 3 -5 -6 -7
leaf_value=0.020007737119843917 -0.020734587188717728 0.0083924683132788405 0.0052308581972254553 -0.018842207670392307 0.0037245655978327056 -0.0077073227116157134
leaf_weight=30.037114575505257 19.824621945619583 21.893627524375916 19.883766770362854 21.765919923782349 164.94244711101055 19.430095911026001
leaf_count=122 82 88 80 88 670 81
internal_value=0 -0.00638983 0.00399499 -0.00679302 0.0064754 0.000110404
internal_weight=0 61.1483 236.629 41.6497 194.98 41.3237
internal_count=1211 251 960 168 792 169
is_linear=0
shrinkage=0.03


Tree=65
num_leaves=5
num_cat=0
split_feature=29 6 6 23
split_gain=5.57412 5.43325 7.10764 4.68433
threshold=-0.29219999909400934 0.37210001051425939 0.46924999356269842 0.28810000419616705
decision_type=2 10 10 2
left_child=1 3 -3 -1
right_child=-2 2 -4 -5
leaf_value=-0.0031136975739901509 0.011563536252629051 0.0088667699637063249 -0.003874352307474451 -0.017384453417120631
leaf_weight=70.83201876282692 25.417840361595154 59.253319427371025 111.40825094282627 33.588275760412216
leaf_count=289 103 242 452 136
internal_value=0 -0.00273911 0.000400457 -0.00811003
internal_weight=0 275.082 170.662 104.42
internal_count=1222 1119 694 425
is_linear=0
shrinkage=0.03


Tree=66
num_leaves=8
num_cat=0
split_feature=24 24 23 14 6 25 4
split_gain=5.94131 10.7354 7.38055 7.30415 6.98209 4.49818 4.45412
threshold=-0.3576000034809112 1.1089000105857851 -1.048750042915344 14.500000000000002 0.42155000567436224 3.623749971389771 32.583400726318366
decision_type=2 2 2 2 10 2 2
left_child=2 4 3 -1 -2 -3 -4
right_child=1 5 6 -5 -6 -7 -8
leaf_value=-0.006163413226148419 0.0040539578153290373 -0.0076860289895474086 -0.019282989241161144 0.014097218991408558 0.025471799001563628 0.0068525371835913822 -0.001340706423496856
leaf_weight=45.920529022812843 48.628971323370934 74.362777963280678 41.023399770259857 23.141667991876602 21.325478285551071 22.780666574835777 23.328244090080261
leaf_count=186 198 303 166 94 86 94 95
internal_value=0 0.00228189 -0.00611406 0.000301729 0.0112729 -0.0039359 -0.0133578
internal_weight=0 167.098 133.414 69.0622 69.9544 97.1434 64.3516
internal_count=1222 681 541 280 284 397 261
is_linear=0
shrinkage=0.03


Tree=67
num_leaves=5
num_cat=0
split_feature=29 4 28 22
split_gain=5.29023 4.60996 8.49017 5.65127
threshold=-0.29219999909400934 46.049850463867195 1.2626500129699709 -0.10460000112652777
decision_type=2 2 8 2
left_child=1 2 -1 -3
right_child=-2 3 -4 -5
leaf_value=-0.021622475799495909 0.0113140242952824 -0.0041893174734137775 -0.0024148623544932085 0.013755925650552125
leaf_weight=23.190310582518578 25.416748732328415 28.20038340985775 193.92491300404072 29.722805365920067
leaf_count=94 103 115 789 121
internal_value=0 -0.00262094 -0.00469372 0.00458717
internal_weight=0 275.038 217.115 57.9232
internal_count=1222 1119 883 236
is_linear=0
shrinkage=0.03


Tree=68
num_leaves=5
num_cat=0
split_feature=11 12 11 24
split_gain=6.01977 5.51824 11.8268 8.94362
threshold=-3.5396499633789058 2.090599894523621 0.46680000424385076 1.2337499856948855
decision_type=2 2 2 2
left_child=-1 2 -2 -3
right_child=1 3 -4 -5
leaf_value=-0.016043469394781379 -0.0029397944352618139 0.0022299304667350787 0.011791237621990754 -0.017751814685799304
leaf_weight=21.937715515494347 126.525595292449 39.514772742986679 76.921480521559715 35.56466218829155
leaf_count=89 513 160 312 148
internal_value=0 0 0.00251357 -0.00694989
internal_weight=0 278.527 203.447 75.0794
internal_count=1222 1133 825 308
is_linear=0
shrinkage=0.03


Tree=69
num_leaves=4
num_cat=0
split_feature=5 0 9
split_gain=4.88662 4.56732 4.98085
threshold=0.34549999237060552 -0.61849999427795399 -0.54514998197555531
decision_type=10 2 10
left_child=-1 -2 -3
right_child=1 2 -4
leaf_value=-0.014616246870381031 -0.011399768373362967 -0.0043178628158463996 0.0043968661266173487
leaf_weight=21.735363885760307 28.038482904434204 89.554360330104828 160.99298092722893
leaf_count=89 114 363 656
internal_value=0 -3.49511e-05 0.00115787
internal_weight=0 278.586 250.547
internal_count=1222 1133 1019
is_linear=0
shrinkage=0.03


Tree=70
num_leaves=7
num_cat=0
split_feature=24 24 23 4 4 30
split_gain=5.53243 5.63291 10.544 3.94866 2.55694 2.24979
threshold=1.6803500056266787 -0.3576000034809112 -1.124499976634979 33.429651260375984 14.359349727630617 0.779100000858307
decision_type=2 2 2 2 2 2
left_child=1 2 -1 4 -2 -3
right_child=3 5 -4 -5 -6 -7
leaf_value=0.0062419707206376705 -0.0027541955264120152 0 -0.010306915760746174 0.00081906423519661857 -0.019010849787932316 0.010367939083193452
leaf_weight=68.623949140310287 20.711411908268929 19.870810508728027 66.481879040598869 26.392514199018478 26.042224735021591 69.680223762989044
leaf_count=279 85 81 270 108 107 282
internal_value=0 0.00199167 -0.00169676 -0.00743743 -0.012646 0.00784501
internal_weight=0 224.657 135.106 73.1462 46.7536 89.551
internal_count=1212 912 549 300 192 363
is_linear=0
shrinkage=0.03


Tree=71
num_leaves=6
num_cat=0
split_feature=7 11 14 7 7
split_gain=6.49975 11.4311 7.98087 5.38448 3.71178
threshold=0.62790000438690197 -1.2939000129699705 12.500000000000002 0.455350011587143 0.79475000500679027
decision_type=8 2 2 10 10
left_child=1 2 -1 -3 -2
right_child=4 3 -4 -5 -6
leaf_value=0.0016223415347701637 -0.019851963229775494 0.00062066388355902741 0.023947901275979649 -0.011293594325280848 -0.0018744492749490473
leaf_weight=33.922231122851372 20.384466290473938 143.1049644947052 29.201229080557823 42.306120187044144 28.784309580922127
leaf_count=138 83 584 119 172 116
internal_value=0 0.00164414 0.0126305 -0.00198293 -0.0101727
internal_weight=0 248.535 63.1235 185.411 49.1688
internal_count=1212 1013 257 756 199
is_linear=0
shrinkage=0.03


Tree=72
num_leaves=5
num_cat=0
split_feature=23 32 26 23
split_gain=4.47354 2.95284 8.7114 5.50496
threshold=1.6766000390052798 1.0000000180025095e-35 -2.1062999963760372 -1.4060000181198118
decision_type=2 2 8 2
left_child=1 2 -1 -3
right_child=-2 3 -4 -5
leaf_value=-0.018866337168428064 -0.011333854842154871 0.012730547307347125 0.0018968831003683844 9.7713333523108306e-05
leaf_weight=23.327707022428513 28.793455854058266 40.781719252467155 64.177106380462646 140.51112940907478
leaf_count=95 119 166 261 571
internal_value=0 0.000891002 -0.00345 0.00315828
internal_weight=0 268.798 87.5048 181.293
internal_count=1212 1093 356 737
is_linear=0
shrinkage=0.03


Tree=73
num_leaves=6
num_cat=0
split_feature=10 27 14 30 29
split_gain=5.07578 6.61816 4.02683 11.5806 8.54944
threshold=3.9440000057220463 1.4853500127792361 12.500000000000002 1.1617999672889712 -1.6917499899864195
decision_type=8 8 2 2 2
left_child=2 -2 4 -4 -1
right_child=1 -3 3 -5 -6
leaf_value=-0.0096350759342115778 0.00096145625941564507 -0.018436937781650793 0.016871363173495597 -0.0027315457010352365 0.005163307262873465
leaf_weight=64.617723360657692 28.550487369298935 28.122452303767204 47.747551783919334 55.899696156382561 72.556222259998322
leaf_count=262 116 118 195 227 294
internal_value=0 -0.00829709 0.00159033 0.00608725 -0.00160984
internal_weight=0 56.6729 240.821 103.647 137.174
internal_count=1212 234 978 422 556
is_linear=0
shrinkage=0.03


Tree=74
num_leaves=6
num_cat=0
split_feature=10 23 3 10 23
split_gain=4.77495 6.29589 3.71971 5.14077 4.62422
threshold=3.9440000057220463 1.2364999651908877 11.922550201416017 0.23015000671148303 -1.124499976634979
decision_type=8 2 2 10 2
left_child=2 -2 3 -1 -4
right_child=1 -3 4 -5 -6
leaf_value=-0.0095574275622170492 0 -0.020530918427055296 0.012392251359971761 0.006479282787170788 0.00081667209810335623
leaf_weight=49.635421350598335 35.27080263197422 21.306365117430687 44.036350324749947 24.881004065275192 122.17915573716164
leaf_count=202 144 90 179 101 496
internal_value=0 -0.0080555 0.00154073 -0.00379062 0.00411863
internal_weight=0 56.5772 240.732 74.5164 166.216
internal_count=1212 234 978 303 675
is_linear=0
shrinkage=0.03


Tree=75
num_leaves=6
num_cat=0
split_feature=24 7 24 15 12
split_gain=5.71792 6.81755 11.7799 4.20371 3.64085
threshold=2.5496500730514531 0.62790000438690197 -3.4452499151229854 2.5000000000000004 0.89855000376701366
decision_type=2 8 2 2 2
left_child=1 2 -1 -3 -2
right_child=4 3 -4 -5 -6
leaf_value=0.026556572848204986 0.00054915704115863757 -0.016322538271449326 0.0027098007744738445 0.00079533286399923072 -0.014701080767024581
leaf_weight=20.395373567938805 19.564706370234489 22.380409970879555 189.89976069331169 21.821471959352493 29.246531322598457
leaf_count=83 79 91 772 88 123
internal_value=0 0.00294333 0.00527929 -0.0073775 -0.00809784
internal_weight=0 254.497 210.295 44.2019 48.8112
internal_count=1236 1034 855 179 202
is_linear=0
shrinkage=0.03


Tree=76
num_leaves=4
num_cat=0
split_feature=26 7 11
split_gain=6.66129 8.2465 9.36704
threshold=-3.8920500278472896 0.73989999294281017 -1.2939000129699705
decision_type=10 10 2
left_child=-1 2 -2
right_child=1 -3 -4
leaf_value=0.014828000664779593 0.011840656315279155 -0.016321348275419284 -0.0017877137066773169
leaf_weight=27.587795913219452 57.586232885718346 25.447687700390816 192.52646923065186
leaf_count=112 235 103 786
internal_value=0 -0.000303487 0.00126529
internal_weight=0 275.56 250.113
internal_count=1236 1124 1021
is_linear=0
shrinkage=0.03


Tree=77
num_leaves=5
num_cat=0
split_feature=26 9 21 14
split_gain=6.28681 4.2641 9.13702 6.31438
threshold=-3.8920500278472896 -0.58599999547004689 -0.15029999613761899 7.5000000000000009
decision_type=10 10 2 2
left_child=-1 3 -3 -2
right_child=1 2 -4 -5
leaf_value=0.014406281915376764 -0.017280523935659473 0.013997952762874709 -0.0013579343181471728 0
leaf_weight=27.573012799024582 28.037870645523071 44.070769757032394 143.014524564147 60.388530597090721
leaf_count=112 114 181 583 246
internal_value=0 -0.000295124 0.00215507 -0.00578063
internal_weight=0 275.512 187.085 88.4264
internal_count=1236 1124 764 360
is_linear=0
shrinkage=0.03


Tree=78
num_leaves=5
num_cat=0
split_feature=28 23 5 2
split_gain=8.69272 10.4078 7.95438 1.17633
threshold=5.1814501285552987 1.645099997520447 0.4980000108480454 49.173000335693366
decision_type=8 2 10 2
left_child=1 2 -1 -2
right_child=3 -3 -4 -5
leaf_value=-0.0091103997407896292 0.01970063505098649 -0.021690670114834838 0.0037012742492080674 0.0058598262938741727
leaf_weight=55.255703628063202 20.100691944360733 19.199227154254913 188.16149306297302 20.293451055884361
leaf_count=226 82 80 765 83
internal_value=0 -0.000950275 0.000644908 0.0137815
internal_weight=0 262.616 243.417 40.3941
internal_count=1236 1071 991 165
is_linear=0
shrinkage=0.03


Tree=79
num_leaves=4
num_cat=0
split_feature=26 7 25
split_gain=5.69304 7.76476 7.29524
threshold=-3.8920500278472896 0.73989999294281017 1.8723000288009646
decision_type=10 10 2
left_child=-1 2 -2
right_child=1 -3 -4
leaf_value=0.013705076176646735 0.0042564333366498361 -0.015847963574568785 -0.0075005492337856128
leaf_weight=27.540841221809387 188.52086468040943 25.406058669090271 61.416614413261414
leaf_count=112 767 103 254
internal_value=0 -0.000289344 0.00122949
internal_weight=0 275.344 249.937
internal_count=1236 1124 1021
is_linear=0
shrinkage=0.03


Tree=80
num_leaves=5
num_cat=0
split_feature=5 10 24 24
split_gain=5.18741 3.22053 7.92752 6.20102
threshold=2.2365000247955327 4.2931001186370858 2.0289999246597294 -0.3576000034809112
decision_type=10 8 2 2
left_child=1 3 -3 -1
right_child=-2 2 -4 -5
leaf_value=-0.0050203353284250839 0.01211445288092099 0.0017179302757416842 -0.023148590930454842 0.0048305567647594447
leaf_weight=112.16510877013206 27.059983968734741 22.921440616250038 18.621163502335548 115.94093914330006
leaf_count=456 111 93 80 472
internal_value=0 -0.00142747 -0.00900525 0
internal_weight=0 269.649 41.5426 228.106
internal_count=1212 1101 173 928
is_linear=0
shrinkage=0.03


Tree=81
num_leaves=5
num_cat=0
split_feature=6 7 25 6
split_gain=6.58245 9.73109 10.7271 6.48695
threshold=0.20344999432563785 0.38140000402927404 1.8164999485015871 0.34820000827312475
decision_type=10 10 2 10
left_child=-1 2 -2 -3
right_child=1 3 -4 -5
leaf_value=-0.016408459197011692 0.016250100065067816 -0.015880343271637551 -0.0071711691590326176 -6.7215978949929542e-05
leaf_weight=19.824607715010643 60.912037909030914 26.927640706300735 21.872066348791122 167.04355728626251
leaf_count=80 251 109 90 682
internal_value=0 0.00107023 0.00969226 -0.0024865
internal_weight=0 276.755 82.7841 193.971
internal_count=1212 1132 341 791
is_linear=0
shrinkage=0.03


Tree=82
num_leaves=5
num_cat=0
split_feature=6 10 11 3
split_gain=6.20128 5.78137 9.44944 6.18658
threshold=0.20344999432563785 3.9440000057220463 0.21029999852180484 21.370050430297855
decision_type=10 10 2 2
left_child=-1 2 -2 -3
right_child=1 3 -4 -5
leaf_value=-0.015932165113641563 -0.0019562186004342904 0.0025667961125771135 0.010340848850725405 -0.016552340133916953
leaf_weight=19.834485039114952 125.10020467638969 25.005751758813858 96.502559289336205 29.984240427613258
leaf_count=80 510 104 393 125
internal_value=0 0.00102837 0.00328648 -0.00743187
internal_weight=0 276.593 221.603 54.99
internal_count=1212 1132 903 229
is_linear=0
shrinkage=0.03


Tree=83
num_leaves=5
num_cat=0
split_feature=5 12 11 22
split_gain=4.8841 4.58851 17.1023 9.46949
threshold=2.2365000247955327 2.090599894523621 0.46680000424385076 0.078500002622604384
decision_type=10 2 2 2
left_child=1 2 -1 -3
right_child=-2 3 -4 -5
leaf_value=-0.0051878592528326979 0.011756813038006861 0.002272425999730448 0.013425720687941785 -0.018725244930793455
leaf_weight=132.56830756366253 27.022671490907669 35.893223211169243 65.21918660402298 35.636804133653641
leaf_count=539 111 147 266 149
internal_value=0 -0.00139129 0.000835599 -0.00788909
internal_weight=0 269.318 197.787 71.53
internal_count=1212 1101 805 296
is_linear=0
shrinkage=0.03


Tree=84
num_leaves=6
num_cat=0
split_feature=25 12 14 14 9
split_gain=4.46243 11.6939 5.46509 7.70138 6.11484
threshold=1.8723000288009646 1.9165499806404116 13.500000000000002 17.500000000000004 0.19574999809265139
decision_type=2 2 2 2 10
left_child=2 -2 4 -4 -1
right_child=1 -3 3 -5 -6
leaf_value=-0.0062884448857823422 0.0058120198591057057 -0.018944926631305106 0.017766466849816361 0 0.0065381194346766699
leaf_weight=93.956285014748573 29.996696427464485 34.503931656479836 37.666311383247375 50.904499232769012 49.176298215985298
leaf_count=382 122 146 154 208 200
internal_value=0 -0.00706048 0.00179723 0.00767315 -0.00165867
internal_weight=0 64.5006 231.703 88.5708 143.133
internal_count=1212 268 944 362 582
is_linear=0
shrinkage=0.03


Tree=85
num_leaves=6
num_cat=0
split_feature=7 7 6 8 10
split_gain=7.39319 9.92181 7.98135 7.50258 4.84432
threshold=0.38140000402927404 0.40495000779628759 0.37690000236034399 0.39659999310970312 1.0071499943733218
decision_type=10 10 10 10 10
left_child=2 -2 4 -3 -1
right_child=1 3 -4 -5 -6
leaf_value=-0.0034491938254981452 -0.018323450076180806 0.0051227533239330287 0.0238260815655593 -0.0083066550522713414 0.010766299044979905
leaf_weight=40.868501499295235 26.664970338344574 121.99843673408031 22.459280252456665 52.15880374610424 39.64905059337616
leaf_count=168 111 496 93 213 162
internal_value=0 -0.00157762 0.00819577 0.000905009 0.00322909
internal_weight=0 200.822 102.977 174.157 80.5176
internal_count=1243 820 423 709 330
is_linear=0
shrinkage=0.03


Tree=86
num_leaves=5
num_cat=0
split_feature=26 26 26 23
split_gain=7.88179 10.6042 7.48598 2.58587
threshold=-2.7281500101089473 -2.1352499723434444 -1.4689000248908994 -2.8507499694824214
decision_type=10 10 10 2
left_child=3 -2 -3 -1
right_child=1 2 -4 -5
leaf_value=0.001982474787602456 -0.018598664928195566 0.012351728116019443 -0.0012203512069555997 0.016871466832953288
leaf_weight=22.568474158644676 25.59351921081543 44.296911299228668 177.0325940400362 34.188806504011154
leaf_count=92 105 182 724 140
internal_value=0 -0.00061459 0.00140437 0.0116074
internal_weight=0 246.923 221.33 56.7573
internal_count=1243 1011 906 232
is_linear=0
shrinkage=0.03


Tree=87
num_leaves=6
num_cat=0
split_feature=7 7 8 25 7
split_gain=7.06033 9.30373 7.02039 6.60384 4.85649
threshold=0.38140000402927404 0.40495000779628759 0.39659999310970312 1.4028999805450442 0.31889998912811285
decision_type=10 10 10 2 10
left_child=3 -2 -3 4 -1
right_child=1 2 -4 -5 -6
leaf_value=0.0026308642180122689 -0.01783743234087257 0.0048821564596892037 -0.0081139882085289466 -0.0037113751221501973 0.019267801529548899
leaf_weight=32.586570575833321 26.592209011316299 121.98599229753017 52.12854591012001 27.525186330080032 42.807054728269577
leaf_count=133 111 496 213 113 177
internal_value=0 -0.00160045 0.000795779 0.0079539 0.0125983
internal_weight=0 200.707 174.115 102.919 75.3936
internal_count=1243 820 709 423 310
is_linear=0
shrinkage=0.03


Tree=88
num_leaves=7
num_cat=0
split_feature=7 28 8 6 10 7
split_gain=6.66735 9.82282 12.281 7.55576 4.5482 2.68539
threshold=0.38140000402927404 5.1814501285552987 0.34525001049041754 0.37690000236034399 1.0071499943733218 0.62790000438690197
decision_type=10 8 10 10 10 10
left_child=3 2 -2 4 -1 -3
right_child=1 5 -4 -5 -6 -7
leaf_value=-0.0035687660374267263 4.7301582475130106e-05 0.018619020529497501 -0.01789126195200906 0.022953974793761284 0.010226444476867939 0.0017170676852298094
leaf_weight=40.830625131726265 111.87698051333427 20.654099777340889 46.56429560482502 22.385650023818016 39.564904719591141 21.525226578116417
leaf_count=168 456 86 191 93 162 87
internal_value=0 -0.00155634 -0.00511565 0.00773112 0.00289391 0.0109278
internal_weight=0 200.621 158.441 102.781 80.3955 42.1793
internal_count=1243 820 647 423 330 173
is_linear=0
shrinkage=0.03


Tree=89
num_leaves=5
num_cat=0
split_feature=26 26 26 1
split_gain=7.33358 9.97881 6.94597 4.12119
threshold=-2.7281500101089473 -2.1352499723434444 -1.4689000248908994 1.1699000000953677
decision_type=10 10 10 2
left_child=3 -2 -3 -1
right_child=1 2 -4 -5
leaf_value=0.01764502789827611 -0.018124086182651516 0.01184810669613378 -0.0012340410277889944 0
leaf_weight=33.874843016266823 25.547957897186279 44.237997218966484 176.81108482182026 22.806218504905701
leaf_count=139 105 182 724 93
internal_value=0 -0.000664786 0.00129052 0.0111329
internal_weight=0 246.597 221.049 56.6811
internal_count=1243 1011 906 232
is_linear=0
shrinkage=0.03


Tree=90
num_leaves=6
num_cat=0
split_feature=6 12 12 24 26
split_gain=13.3696 5.8628 7.78955 5.92333 0.424606
threshold=0.66479998826980602 2.090599894523621 3.0564500093460087 -0.37035000324249262 -3.1272000074386592
decision_type=8 2 2 2 10
left_child=1 3 -3 -1 -2
right_child=4 2 -4 -5 -6
leaf_value=-0.00046898133507639484 -0.0088293611226694223 -0.018243324684513663 0.0025217404237908858 0.0097559562853301862 -0.020852453890449076
leaf_weight=84.932067111134529 20.460575580596924 24.410349145531654 39.300552934408188 109.08318485319614 20.043115958571434
leaf_count=347 83 100 164 445 83
internal_value=0 0.00248032 -0.00512961 0.0051466 -0.0158608
internal_weight=0 257.726 63.7109 194.015 40.5037
internal_count=1222 1056 264 792 166
is_linear=0
shrinkage=0.03


Tree=91
num_leaves=6
num_cat=0
split_feature=6 5 6 11 11
split_gain=12.6461 4.65034 4.61641 3.83745 2.18519
threshold=0.66479998826980602 0.59450000524520885 0.43119999766349798 -0.47879999876022333 -2.0373499989509578
decision_type=8 8 10 2 2
left_child=1 2 -1 -3 -2
right_child=4 3 -4 -5 -6
leaf_value=-0.010032586986841058 -0.022950976405474714 0.010973515778856779 0.0040976164134710544 0.0014822759088338345 -0.0059089074515118268
leaf_weight=43.711348444223404 20.090132802724838 64.906123772263527 34.499912858009338 114.53935115039349 20.374247282743454
leaf_count=179 82 266 141 470 84
internal_value=0 0.00240233 -0.00344781 0.00512334 -0.0154431
internal_weight=0 257.657 78.2113 179.445 40.4644
internal_count=1222 1056 320 736 166
is_linear=0
shrinkage=0.03


Tree=92
num_leaves=5
num_cat=0
split_feature=11 5 11 9
split_gain=8.34589 7.24457 5.62194 5.22229
threshold=-3.273299932479858 0.61800000071525585 -0.47879999876022333 -0.58599999547004689
decision_type=2 10 2 10
left_child=-1 3 -3 -2
right_child=1 2 -4 -5
leaf_value=-0.017154243250049547 -0.014544208115492759 0.012020123949690853 0.00071513975180400365 0
leaf_weight=22.681910485029221 33.033049747347832 65.195273086428642 114.60994724929333 62.502887368202209
leaf_count=93 135 267 471 256
internal_value=0 0.00140109 0.00502393 -0.00508799
internal_weight=0 275.341 179.805 95.5359
internal_count=1222 1129 738 391
is_linear=0
shrinkage=0.03


Tree=93
num_leaves=6
num_cat=0
split_feature=6 30 11 27 11
split_gain=11.7422 3.91085 13.7077 9.57721 1.91274
threshold=0.66479998826980602 0.83294999599456798 -1.2617000341415403 0.6832999885082246 -2.0373499989509578
decision_type=8 2 2 8 2
left_child=1 2 -1 -3 -2
right_child=4 3 -4 -5 -6
leaf_value=0.017473558223608954 -0.022014173621071352 0.023992529033386507 -0.010334017773283837 0.0020870331064801878 -0.0057890941293279163
leaf_weight=20.120661377906799 20.030341625213623 20.095758527517319 60.604816541075706 156.69012971222401 20.360449746251106
leaf_count=83 82 83 248 642 84
internal_value=0 0.00231198 -0.00290695 0.00486678 -0.0148976
internal_weight=0 257.511 80.7255 176.786 40.3908
internal_count=1222 1056 331 725 166
is_linear=0
shrinkage=0.03


Tree=94
num_leaves=4
num_cat=0
split_feature=11 11 29
split_gain=7.60679 5.48547 5.4808
threshold=-3.273299932479858 -2.115800023078918 -0.90145000815391529
decision_type=2 2 2
left_child=-1 -2 -3
right_child=1 2 -4
leaf_value=-0.016398697809890894 0.014645108377687935 -0.0033204392474309747 0.005879382337297916
leaf_weight=22.623062819242477 24.318930149078369 160.78817771375179 90.096639111638069
leaf_count=93 100 660 369
internal_value=0 0.00133663 0
internal_weight=0 275.204 250.885
internal_count=1222 1129 1029
is_linear=0
shrinkage=0.03


Tree=95
num_leaves=4
num_cat=0
split_feature=14 11 23
split_gain=7.59609 5.13166 5.06624
threshold=2.5000000000000004 -3.273299932479858 -1.5348500013351438
decision_type=2 2 2
left_child=-1 -2 -3
right_child=1 2 -4
leaf_value=-0.013548570357306621 -0.012720875667415733 0.012810691724284458 0.00018739777178192668
leaf_weight=37.181816264986992 21.935291349887848 33.032790631055832 214.05820190906525
leaf_count=153 90 136 878
internal_value=0 0.000683371 0.00204072
internal_weight=0 269.026 247.091
internal_count=1257 1104 1014
is_linear=0
shrinkage=0.03


Tree=96
num_leaves=5
num_cat=0
split_feature=28 6 6 8
split_gain=9.53403 9.00985 7.84361 4.62864
threshold=4.7265498638153085 0.60190001130104076 0.67765000462532055 0.59520000219345104
decision_type=8 10 8 10
left_child=1 3 -2 -1
right_child=2 -3 -4 -5
leaf_value=0.00037347038418029124 0.023014104212771235 -0.021200792325084167 0 -0.010427757143127613
leaf_weight=192.53858657181263 23.511508956551552 22.466470092535019 25.955883860588074 41.64712181687355
leaf_count=790 97 93 106 171
internal_value=0 -0.00337641 0.0108336 -0.00145601
internal_weight=0 256.652 49.4674 234.186
internal_count=1257 1054 203 961
is_linear=0
shrinkage=0.03


Tree=97
num_leaves=5
num_cat=0
split_feature=14 27 7 5
split_gain=7.16503 6.07397 7.8685 5.49714
threshold=1.5000000000000002 2.3680499792099003 0.57125002145767223 1.1194999814033511
decision_type=2 8 10 8
left_child=-1 2 -2 -3
right_child=1 3 -4 -5
leaf_value=-0.016359166203877264 0.0013298976437775137 0.016536512447725138 -0.011426485666293467 -0.0019900710139985653
leaf_weight=23.962216764688492 172.06089554727077 34.455079317092896 56.014266327023506 19.550691768527031
leaf_count=99 708 141 229 80
internal_value=0 0.000332366 -0.00170826 0.00937004
internal_weight=0 282.081 228.075 54.0058
internal_count=1257 1158 937 221
is_linear=0
shrinkage=0.03


Tree=98
num_leaves=5
num_cat=0
split_feature=28 6 6 8
split_gain=8.88531 8.43539 7.36767 4.39349
threshold=4.7265498638153085 0.60190001130104076 0.67765000462532055 0.59520000219345104
decision_type=8 10 8 10
left_child=1 3 -2 -1
right_child=2 -3 -4 -5
leaf_value=0.00039816055427968801 0.022286630035618676 -0.020511165761285678 0 -0.010127572747237919
leaf_weight=192.51822780072689 23.502302527427673 22.412044361233711 25.957314014434814 41.621146723628044
leaf_count=790 97 93 106 171
internal_value=0 -0.00324132 0.0104774 -0.00138045
internal_weight=0 256.551 49.4596 234.139
internal_count=1257 1054 203 961
is_linear=0
shrinkage=0.03


Tree=99
num_leaves=5
num_cat=0
split_feature=28 6 6 8
split_gain=8.37412 7.97481 6.97232 4.14394
threshold=4.7265498638153085 0.60190001130104076 0.67765000462532055 0.59520000219345104
decision_type=8 10 8 10
left_child=1 3 -2 -1
right_child=2 -3 -4 -5
leaf_value=0.00038628123961138063 0.021669702504878124 -0.019959385119614745 0 -0.0098344514352903482
leaf_weight=192.51640571653843 23.475136339664459 22.368978589773178 25.957314014434814 41.605873882770538
leaf_count=790 97 93 106 171
internal_value=0 -0.00314839 0.0101716 -0.00133655
internal_weight=0 256.491 49.4325 234.122
internal_count=1257 1054 203 961
is_linear=0
shrinkage=0.03


end of trees

feature_importances:
Column_7=55
Column_12=37
Column_6=35
Column_11=35
Column_10=31
Column_5=30
Column_26=30
Column_9=22
Column_25=22
Column_28=22
Column_23=20
Column_24=20
Column_14=19
Column_4=9
Column_27=9
Column_2=8
Column_8=8
Column_15=8
Column_21=8
Column_22=8
Column_1=7
Column_3=7
Column_29=7
Column_30=7
Column_0=5
Column_13=5
Column_31=4
Column_32=3

parameters:
[boosting: gbdt]
[objective: binary]
[metric: binary_logloss]
[tree_learner: serial]
[device_type: cpu]
[data_sample_strategy: bagging]
[data: ]
[valid: ]
[num_iterations: 100]
[learning_rate: 0.03]
[num_leaves: 8]
[num_threads: 0]
[seed: 42]
[deterministic: 0]
[force_col_wise: 0]
[force_row_wise: 0]
[histogram_pool_size: -1]
[max_depth: 3]
[min_data_in_leaf: 80]
[min_sum_hessian_in_leaf: 0.001]
[bagging_fraction: 0.6]
[pos_bagging_fraction: 1]
[neg_bagging_fraction: 1]
[bagging_freq: 5]
[bagging_seed: 400]
[feature_fraction: 0.5]
[feature_fraction_bynode: 1]
[feature_fraction_seed: 30056]
[extra_trees: 0]
[extra_seed: 12879]
[early_stopping_round: 0]
[early_stopping_min_delta: 0]
[first_metric_only: 0]
[max_delta_step: 0]
[lambda_l1: 1]
[lambda_l2: 1]
[linear_lambda: 0]
[min_gain_to_split: 0]
[drop_rate: 0.1]
[max_drop: 50]
[skip_drop: 0.5]
[xgboost_dart_mode: 0]
[uniform_drop: 0]
[drop_seed: 17869]
[top_rate: 0.2]
[other_rate: 0.1]
[min_data_per_group: 100]
[max_cat_threshold: 32]
[cat_l2: 10]
[cat_smooth: 10]
[max_cat_to_onehot: 4]
[top_k: 20]
[monotone_constraints: ]
[monotone_constraints_method: basic]
[monotone_penalty: 0]
[feature_contri: ]
[forcedsplits_filename: ]
[refit_decay_rate: 0.9]
[cegb_tradeoff: 1]
[cegb_penalty_split: 0]
[cegb_penalty_feature_lazy: ]
[cegb_penalty_feature_coupled: ]
[path_smooth: 0]
[interaction_constraints: ]
[verbosity: -1]
[saved_feature_importance_type: 0]
[use_quantized_grad: 0]
[num_grad_quant_bins: 4]
[quant_train_renew_leaf: 0]
[stochastic_rounding: 1]
[linear_tree: 0]
[max_bin: 255]
[max_bin_by_feature: ]
[min_data_in_bin: 3]
[bin_construct_sample_cnt: 200000]
[data_random_seed: 175]
[is_enable_sparse: 1]
[enable_bundle: 1]
[use_missing: 1]
[zero_as_missing: 0]
[feature_pre_filter: 1]
[pre_partition: 0]
[two_round: 0]
[header: 0]
[label_column: ]
[weight_column: ]
[group_column: ]
[ignore_column: ]
[categorical_feature: ]
[forcedbins_filename: ]
[precise_float_parser: 0]
[parser_config_file: ]
[objective_seed: 16083]
[num_class: 1]
[is_unbalance: 0]
[scale_pos_weight: 1]
[sigmoid: 1]
[boost_from_average: 1]
[reg_sqrt: 0]
[alpha: 0.9]
[fair_c: 1]
[poisson_max_delta_step: 0.7]
[tweedie_variance_power: 1.5]
[lambdarank_truncation_level: 30]
[lambdarank_norm: 1]
[label_gain: ]
[lambdarank_position_bias_regularization: 0]
[eval_at: ]
[multi_error_top_k: 1]
[auc_mu_weights: ]
[num_machines: 1]
[local_listen_port: 12400]
[time_out: 120]
[machine_list_filename: ]
[machines: ]
[gpu_platform_id: -1]
[gpu_device_id: -1]
[gpu_use_dp: 0]
[num_gpu: 1]

end of parameters

pandas_categorical:null
