tree
version=v4
num_class=1
num_tree_per_iteration=1
label_index=0
max_feature_idx=32
objective=binary sigmoid:1
feature_names=Column_0 Column_1 Column_2 Column_3 Column_4 Column_5 Column_6 Column_7 Column_8 Column_9 Column_10 Column_11 Column_12 Column_13 Column_14 Column_15 Column_16 Column_17 Column_18 Column_19 Column_20 Column_21 Column_22 Column_23 Column_24 Column_25 Column_26 Column_27 Column_28 Column_29 Column_30 Column_31 Column_32
feature_infos=[-5.9625000953674316:5.3685002326965332] [0.12349999696016312:14.752799987792969] [0:99.572601318359375] [0:95.52239990234375] [0:96.55169677734375] [0.17299999296665192:16.659999847412109] [0.13670000433921814:2.4367001056671143] [0.29879999160766602:1.9140000343322754] [-8.0424995422363281:6.5276999473571777] [-19.096700668334961:14.208499908447266] [-30.448799133300781:24.32819938659668] [-9.5796003341674805:11.605799674987793] [-19.183700561523438:11.904800415039062] [0:1] [0:23] [0:6] [-0.055144000798463821:0.0099999997764825821] [-1:1] none none none [-6.6104998588562012:4.2919998168945312] [-11.866299629211426:6.1181001663208008] [-18.96980094909668:8.3635997772216797] [-4.0465998649597168:2.609299898147583] [-3.6400001049041748:2.2646999359130859] [-17.006099700927734:2.2611000537872314] [-2.8311998844146729:14.901900291442871] [0.56400001049041748:25.882200241088867] [-19.875600814819336:-0.01119999960064888] [0.027499999850988388:19.024099349975586] [-8:9] [0:2]
tree_sizes=879 772 981 878 842 870 980 877 873 873 983 672 878 879 880 668 650 767 880 980 744 769 775 870 774 868 752 668 873 780 987 772 963 974 985 769 776 769 769 768 978 979 764 757 765 774 959 952 874 986 766 765 754 666 650 654 669 671 652 757 992 966 880 980 878 665 668 671 672 668 952 884 874 957 987 967 852 879 872 771 645 872 665 773 878 775 879 752 878 671 648 555 769 988 771 871 749 880 987 988

Tree=0
num_leaves=7
num_cat=0
split_feature=12 6 7 29 29 10
split_gain=16.3342 11.3376 19.6931 13.033 7.57735 6.64741
threshold=0.7353000044822694 0.61245000362396251 0.65219998359680187 -1.1294499635696409 -5.3739998340606681 7.7690999507904062
decision_type=2 8 10 10 10 10
left_child=1 3 -3 -1 -2 -6
right_child=4 2 -4 -5 5 -7
leaf_value=-0.042025679409557995 -0.050853042052618466 -0.088398072212991979 -0.05548255113099769 -0.061279750535461308 -0.073160251776107688 -0.059391712023059394
leaf_weight=81.174015253782272 19.981296062469482 20.231062263250351 68.435939013957977 46.456513345241547 116.39104956388474 37.964462518692017
leaf_count=325 80 81 274 186 466 152
internal_value=-0.0611812 -0.0549351 -0.0628781 -0.0492135 -0.0672256 -0.069591
internal_weight=0 216.298 88.667 127.631 174.337 154.356
internal_count=1564 866 355 511 698 618
is_linear=0
shrinkage=1


Tree=1
num_leaves=6
num_cat=0
split_feature=5 26 15 10 7
split_gain=17.2545 11.8744 8.23051 8.08611 6.48628
threshold=0.53849998116493236 0.15630000084638598 2.5000000000000004 -10.847650051116942 0.64509999752044689
decision_type=10 8 2 10 10
left_child=2 3 -1 -2 -4
right_child=1 -3 4 -5 -6
leaf_value=-0.021721040934150802 -0.0072485572357056018 -0.016845177297311331 -0.012986487720041552 0.007868904406016012 0.0070715835451339772
leaf_weight=35.963695421814919 33.715604707598686 20.729193940758705 27.473024621605873 245.7686789482832 26.975942194461823
leaf_count=144 135 83 110 984 108
internal_value=0 0.00419679 -0.010664 0.00591891 -0.00255966
internal_weight=0 300.213 90.4127 279.484 54.449
internal_count=1564 1202 362 1119 218
is_linear=0
shrinkage=0.03


Tree=2
num_leaves=8
num_cat=0
split_feature=5 12 21 28 28 28 5
split_gain=16.2426 17.6117 7.51468 5.80344 4.52824 2.20134 1.82104
threshold=0.53849998116493236 0.97920000553131115 0.21469999849796298 2.1214499473571782 2.9936000108718877 3.9756000041961674 0.41650000214576727
decision_type=10 2 2 8 10 10 8
left_child=1 6 3 -2 -4 -3 -1
right_child=2 5 4 -5 -6 -7 -8
leaf_value=0.0068862896633953945 0.017973898675262258 -0.013918063573834001 -0.010254932742571854 0.0046407188008178463 0.0022362975618744783 -0.033461051007716167 -0.0040671462327931882
leaf_weight=25.722234725952148 39.725464701652527 20.215186938643456 38.962764739990234 153.62503926455975 67.933824345469475 19.966279789805412 24.473749667406082
leaf_count=103 159 81 156 615 272 80 98
internal_value=0 -0.0103572 0.0040628 0.00761288 -0.00209144 -0.0249342 0.000984678
internal_weight=0 90.3775 300.247 193.351 106.897 40.1815 50.196
internal_count=1564 362 1202 774 428 161 201
is_linear=0
shrinkage=0.03


Tree=3
num_leaves=7
num_cat=0
split_feature=11 11 14 11 17 26
split_gain=10.6287 13.7805 10.7328 9.39251 12.2804 10.6874
threshold=1.9160000085830691 3.0593000650405888 15.500000000000002 -3.4924000501632686 -1.0000000180025095e-35 -1.6796999573707578
decision_type=2 2 2 2 2 8
left_child=3 -2 -3 4 -1 -5
right_child=1 2 -4 5 -6 -7
leaf_value=0.006130604617116741 -0.023181321165545329 0.0095789304461508483 -0.016265623676205956 0.014314639762716788 -0.017971612889716972 0.00077913522538421674
leaf_weight=35.71793657541275 33.4500732421875 40.201364725828171 21.221725359559059 92.925852447748184 36.211112648248672 130.87762467563152
leaf_count=143 134 161 85 372 145 524
internal_value=0 -0.00798329 5.14999e-05 0.00348335 -0.00567182 0.00657136
internal_weight=0 94.8732 61.4231 295.733 71.929 223.803
internal_count=1564 380 246 1184 288 896
is_linear=0
shrinkage=0.03


Tree=4
num_leaves=7
num_cat=0
split_feature=27 16 3 12 10 22
split_gain=15.8118 9.67542 9.6957 8.272 11.9105 4.5827
threshold=1.2064500451087954 -0.01302600000053644 19.013350486755375 0.7353000044822694 3.8405499458312993 -1.7537499666213987
decision_type=8 2 2 2 10 2
left_child=3 -2 -3 5 -5 -1
right_child=1 2 -4 4 -6 -7
leaf_value=0 0.0084942815664333596 0.00084730457154864468 -0.013155886100810926 -0.0088969209951702335 0.014962516649067368 0.016679172655547973
leaf_weight=21.231722101569176 37.969196334481239 67.162276804447174 111.34340196847916 48.93840579688549 29.224402636289597 74.718508005142212
leaf_count=85 152 269 446 196 117 299
internal_value=0 -0.00473254 -0.00774473 0.00736367 0 0.0132185
internal_weight=0 216.475 178.506 174.113 78.1628 95.9502
internal_count=1564 867 715 697 313 384
is_linear=0
shrinkage=0.03


Tree=5
num_leaves=7
num_cat=0
split_feature=3 11 3 8 4 3
split_gain=10.4082 10.2397 9.87801 9.11421 5.0837 3.95003
threshold=41.513648986816413 0.39575000107288366 22.886899948120121 0.12785000354051593 42.52659988403321 50.138099670410163
decision_type=2 2 2 8 2 2
left_child=2 5 3 -1 -4 -2
right_child=1 -3 4 -5 -6 -7
leaf_value=0.0077634111007445104 0.028894928556504315 -0.0017913488335012883 -0.0043070364629960436 -0.0055605328661018118 -0.01838763777396767 0.0093665255908045048
leaf_weight=108.40195086598396 20.234517335891724 37.942271411418915 87.391773387789726 76.915330544114113 35.950132787227631 31.717856034636497
leaf_count=434 81 152 350 308 144 127
internal_value=0 0.00935438 -0.00217675 0.00207217 -0.00876722 0.0179411
internal_weight=0 89.8946 308.659 185.317 123.342 51.9524
internal_count=1596 360 1236 742 494 208
is_linear=0
shrinkage=0.03


Tree=6
num_leaves=8
num_cat=0
split_feature=27 27 16 15 0 32 9
split_gain=13.8312 12.5977 13.3863 5.28255 4.37306 6.48737 1.47718
threshold=1.1134999990463259 2.3042500019073491 -0.015562999993562697 3.5000000000000004 0.1191999986767769 1.5000000000000002 -0.89419999718666066
decision_type=8 10 2 2 2 2 10
left_child=4 3 -3 -2 5 -1 -6
right_child=1 2 -4 -5 6 -7 -8
leaf_value=-0.00076777035357024641 -0.016816781000438201 0.024182388500320808 -0.0018809365530638351 -0.0026344224061019897 0.022263018427375596 0.013570754304247085 0.0070157132704843448
leaf_weight=78.947767078876495 67.163695231080055 19.987606883049011 105.81024992465973 45.441368207335472 20.738096550107002 40.465088710188866 19.983673423528671
leaf_count=316 269 80 424 182 83 162 80
internal_value=0 -0.0041437 0.00218164 -0.0114312 0.00721448 0.00391429 0.0158471
internal_weight=0 238.403 125.798 112.605 160.135 119.413 40.7218
internal_count=1596 955 504 451 641 478 163
is_linear=0
shrinkage=0.03


Tree=7
num_leaves=7
num_cat=0
split_feature=25 8 14 10 24 30
split_gain=10.3955 12.2611 10.4248 7.49304 6.27845 4.58847
threshold=-0.036599999293684952 1.2641499638557436 15.500000000000002 -4.0759499073028556 0.067050002515316023 2.8508499860763554
decision_type=2 8 2 10 2 8
left_child=2 4 5 -4 -2 -1
right_child=1 -3 3 -5 -6 -7
leaf_value=-0.0019896943101680472 -0.011349563935131127 -0.020557839194588916 0.0023616971010323186 0.025131248959625586 0.0021283063948384058 0.012094631149944218
leaf_weight=107.90647530555725 38.962458103895187 33.684871599078178 26.47454147040844 33.225334957242012 133.7787572145462 24.47702531516552
leaf_count=432 156 135 106 133 536 98
internal_value=0 -0.00424128 0.00541971 0.0157333 -0.000786837 0.000460661
internal_weight=0 206.426 192.083 59.6999 172.741 132.384
internal_count=1596 827 769 239 692 530
is_linear=0
shrinkage=0.03


Tree=8
num_leaves=7
num_cat=0
split_feature=12 11 9 6 10 16
split_gain=17.5817 18.2296 14.159 15.971 12.9043 4.77125
threshold=0.7353000044822694 -3.7888499498367305 -2.5224999189376827 0.3567000031471253 3.0903000831604008 -0.0063489999156445256
decision_type=2 2 10 10 8 2
left_child=1 5 -2 -4 -3 -1
right_child=2 4 3 -5 -6 -7
leaf_value=-0.00011100257828801771 0.010060099492749788 0.014128237483543424 0.012171492753328539 -0.015223569211148515 -0.0057471574953614603 -0.021392297153526706
leaf_weight=22.482589155435562 33.965673983097076 146.64634998142719 20.723502621054649 120.74003751575947 33.712400183081627 20.218175292015076
leaf_count=90 136 587 83 484 135 81
internal_value=0 0.00598043 -0.00667209 -0.0109425 0.0102365 -0.0111328
internal_weight=0 223.06 175.429 141.464 180.359 42.7008
internal_count=1596 893 703 567 722 171
is_linear=0
shrinkage=0.03


Tree=9
num_leaves=7
num_cat=0
split_feature=3 11 3 0 8 7
split_gain=9.79688 9.29656 9.19156 9.17695 8.30828 4.97141
threshold=41.513648986816413 0.55094999074935924 22.886899948120121 -0.26729999482631678 0.14025000482797625 0.55735000967979442
decision_type=2 2 2 2 8 10
left_child=2 5 4 -4 -1 -2
right_child=1 -3 3 -5 -6 -7
leaf_value=0.0073266453963445645 0.0035251177687801996 -0.0022381102848868547 0.0060589152590005795 -0.012914090216481789 -0.0054173344509654119 0.024058194905674273
leaf_weight=109.40042661130428 21.480757638812065 35.175171002745628 26.955629080533981 96.308635219931602 75.878167435526848 33.22607184946537
leaf_count=438 86 141 108 386 304 133
internal_value=0 0.0090414 -0.00214795 -0.00850825 0.00194542 0.0167424
internal_weight=0 89.882 308.543 123.264 185.279 54.7068
internal_count=1596 360 1236 494 742 219
is_linear=0
shrinkage=0.03


Tree=10
num_leaves=8
num_cat=0
split_feature=12 14 14 7 30 25 28
split_gain=18.2623 16.1302 10.1404 9.67462 17.6408 10.4302 3.08097
threshold=0.7353000044822694 17.500000000000004 10.500000000000002 0.64509999752044689 2.0194499492645268 -0.69449999928474415 3.5304000377655034
decision_type=2 2 2 10 10 2 10
left_child=3 2 -2 4 -1 -5 -3
right_child=1 6 -4 5 -6 -7 -8
leaf_value=0.0085506267151768487 -0.0092640734272100775 -0.011939304913659582 0.0072808782162677495 -0.0016591585246255747 -0.014435655529154091 0.020153767552331076 -0.033070084535360644
leaf_weight=84.699731230735779 76.060166522860527 19.95316281914711 56.400396451354027 25.230631604790688 45.168812870979309 60.704201191663742 20.176219791173935
leaf_count=339 305 80 226 101 181 243 81
internal_value=0 -0.00735314 -0.00199284 0.00570268 0.000277449 0.0134589 -0.0238386
internal_weight=0 172.59 132.461 215.803 129.869 85.9348 40.1294
internal_count=1556 692 531 864 520 344 161
is_linear=0
shrinkage=0.03


Tree=11
num_leaves=5
num_cat=0
split_feature=29 16 10 21
split_gain=12.1903 7.65357 12.5052 3.85749
threshold=-0.39959999918937678 -0.01302600000053644 -10.847650051116942 -0.30735000967979426
decision_type=10 2 10 2
left_child=1 3 -3 -1
right_child=-2 2 -4 -5
leaf_value=0.022285430974448656 -0.02061768861338709 -0.020186579120872503 0.0013376639330514156 0.0035022324177006584
leaf_weight=20.238889321684837 23.43723501265049 25.434033781290054 291.21824286878109 27.983406469225883
leaf_count=81 94 102 1167 112
internal_value=0 0.00126301 -0.000354863 0.0122876
internal_weight=0 364.875 316.652 48.2223
internal_count=1556 1462 1269 193
is_linear=0
shrinkage=0.03


Tree=12
num_leaves=7
num_cat=0
split_feature=31 9 7 2 10 2
split_gain=12.3629 8.47108 11.0422 7.50273 11.3063 7.70609
threshold=1.5000000000000002 -0.46484999358654017 0.64945000410079967 41.206798553466804 3.4522500038146977 60.699048995971687
decision_type=2 10 10 2 8 2
left_child=3 -2 -3 4 -1 -5
right_child=1 2 -4 5 -6 -7
leaf_value=0.013037750922236734 0.00094497034184618043 -0.029826700184987578 -0.0007460400935274692 -0.0088297671862019016 -0.0043666727985096796 0.0044028633356375923
leaf_weight=103.85683505237103 32.695305854082108 28.653835982084274 23.18835061788559 73.871633365750313 45.630828246474266 80.377125605940819
leaf_count=416 131 115 93 296 183 322
internal_value=0 -0.0101789 -0.0176473 0.00272586 0.00753202 -0.00175722
internal_weight=0 84.5375 51.8422 303.736 149.488 154.249
internal_count=1556 339 208 1217 599 618
is_linear=0
shrinkage=0.03


Tree=13
num_leaves=7
num_cat=0
split_feature=12 5 16 10 25 15
split_gain=16.8824 12.45 15.1952 10.2151 7.73816 3.97679
threshold=0.7353000044822694 0.73249998688697826 -0.00016750000213505698 3.3989000320434575 -0.84944999217987049 3.5000000000000004
decision_type=2 10 2 8 2 2
left_child=3 5 -3 4 -1 -2
right_child=1 2 -4 -5 -6 -7
leaf_value=-0.0053011893266033611 -0.022738612737616497 -0.010559689168821825 0.012406561915259977 -0.01010760745188956 0.010866055902198761 -0.0058726459323450112
leaf_weight=28.712121739983559 42.535056173801422 57.645616680383682 45.37465113401413 29.95397861301899 157.08001621067524 26.921288043260574
leaf_count=115 171 231 182 120 629 108
internal_value=0 -0.00707777 -0.000133911 0.00547796 0.00819198 -0.0168033
internal_weight=0 172.477 103.02 215.746 185.792 69.4563
internal_count=1556 692 413 864 744 279
is_linear=0
shrinkage=0.03


Tree=14
num_leaves=7
num_cat=0
split_feature=12 5 16 10 21 15
split_gain=15.8919 11.7705 14.3132 9.62832 7.99097 3.72859
threshold=0.7353000044822694 0.73249998688697826 -0.00016750000213505698 3.3989000320434575 0.82259997725486766 3.5000000000000004
decision_type=2 10 2 8 2 2
left_child=3 5 -3 4 -1 -2
right_child=1 2 -4 -5 -6 -7
leaf_value=0.0054508898481099117 -0.02210693855011012 -0.010252186558712763 0.012036042128597229 -0.0098169670421787546 0.025707110984492496 -0.0057043615014920552
leaf_weight=165.57657994329929 42.467509791254997 57.623717069625854 45.39873132109642 29.945305481553078 20.222337260842323 26.91364711523056
leaf_count=663 171 231 182 120 81 108
internal_value=0 -0.00687833 -0.000120784 0.00530472 0.00794199 -0.0163419
internal_weight=0 172.404 103.022 215.744 185.799 69.3812
internal_count=1556 692 413 864 744 279
is_linear=0
shrinkage=0.03


Tree=15
num_leaves=5
num_cat=0
split_feature=26 5 29 30
split_gain=7.6354 6.5653 4.80219 3.43684
threshold=-0.050900001078844063 0.4695000052452088 -4.1821999549865714 2.681650042533875
decision_type=8 10 10 8
left_child=1 3 -3 -1
right_child=-2 2 -4 -5
leaf_value=-0.01255265797614437 -0.014540607476806322 -0.0036011294452802005 0.0053800115327986365 0.00048603982356206204
leaf_weight=40.35591533780098 29.146033242344856 65.667170032858849 221.31925790011883 24.867201343178749
leaf_count=162 117 263 887 100
internal_value=0 0.00118754 0.00321544 -0.00719619
internal_weight=0 352.21 286.986 65.2231
internal_count=1529 1412 1150 262
is_linear=0
shrinkage=0.03


Tree=16
num_leaves=5
num_cat=0
split_feature=26 16 10 30
split_gain=7.19985 7.03733 12.0031 7.5021
threshold=-0.050900001078844063 -0.01302600000053644 -10.165050029754637 2.0043499469757085
decision_type=8 2 10 8
left_child=1 3 -3 -1
right_child=-2 2 -4 -5
leaf_value=0 -0.014129517000091421 -0.018901520022958241 0.00138442337734003 0.022791724717076189
leaf_weight=21.484081417322159 29.123633220791817 27.895874753594398 277.84335272014141 24.980983808636665
leaf_count=86 117 112 1114 100
internal_value=0 0.00114849 -0.000424265 0.0119201
internal_weight=0 352.204 305.739 46.4651
internal_count=1529 1412 1226 186
is_linear=0
shrinkage=0.03


Tree=17
num_leaves=6
num_cat=0
split_feature=12 25 14 12 28
split_gain=11.0274 13.8143 12.6078 10.0862 5.31225
threshold=2.1158999204635625 -0.8227500021457671 18.500000000000004 -5.1655499935150138 4.391550064086915
decision_type=2 2 2 2 10
left_child=1 -1 4 -3 -2
right_child=2 3 -4 -5 -6
leaf_value=-0.015715744503316031 -0.007665086260279977 0.017494370561661157 -0.026746634534500831 0.002331691157002479 0.0067119596457773083
leaf_weight=28.44592048227787 62.021373569965363 52.189323902130127 23.80877497792244 180.91231739521027 33.900709390640259
leaf_count=114 249 209 96 725 136
internal_value=0 0.00339715 -0.007557 0.00591485 -0.00225761
internal_weight=0 261.548 119.731 233.102 95.9221
internal_count=1529 1048 481 934 385
is_linear=0
shrinkage=0.03


Tree=18
num_leaves=7
num_cat=0
split_feature=12 14 6 11 17 12
split_gain=10.395 11.9296 11.8409 9.10155 11.0235 9.18307
threshold=2.1158999204635625 18.500000000000004 0.60864999890327465 -3.4924000501632686 -1.0000000180025095e-35 -5.8969500064849845
decision_type=2 2 10 2 2 2
left_child=3 2 -2 4 -1 -5
right_child=1 -3 -4 5 -6 -7
leaf_value=0.0066120242258723323 -0.01301770305001953 -0.026035706289555576 0.0077199633204899712 0.020430409677116894 -0.020703224002197783 0.0031233795516939769
leaf_weight=22.220638886094093 47.086862459778786 23.753268033266068 48.818936079740524 33.457055404782295 27.180290058255196 178.67475858330727
leaf_count=89 189 96 196 134 109 716
internal_value=0 -0.00734175 -0.0021813 0.00329588 -0.00793413 0.00607682
internal_weight=0 119.659 95.9058 261.533 49.4009 212.132
internal_count=1529 481 385 1048 198 850
is_linear=0
shrinkage=0.03


Tree=19
num_leaves=8
num_cat=0
split_feature=31 12 25 7 7 7 23
split_gain=10.2492 8.33935 13.4623 10.4421 5.67961 7.29474 5.31276
threshold=1.5000000000000002 2.1158999204635625 -0.8227500021457671 0.80779999494552623 0.64214998483657848 0.794600009918213 0.23690000176429751
decision_type=2 2 2 10 10 10 2
left_child=1 2 -1 -3 6 -6 -2
right_child=4 3 -4 -5 5 -7 -8
leaf_value=-0.014539212052418772 -0.0040784603661805511 -0.011279129449618536 0.0089641267472462347 0.010975614268045938 0.0098096895462462079 -0.014132386801337453 -0.026692092004288976
leaf_weight=23.186744213104248 22.452263325452805 64.689175620675087 179.9521845728159 24.617705181241035 23.906590670347214 19.922238036990166 22.355845123529434
leaf_count=93 90 260 721 99 96 80 90
internal_value=0 0.00266037 0.00607636 -0.00475874 -0.00892959 -0.000476373 -0.0163522
internal_weight=0 292.446 203.139 89.3069 88.6369 43.8288 44.8081
internal_count=1529 1173 814 359 356 176 180
is_linear=0
shrinkage=0.03


Tree=20
num_leaves=6
num_cat=0
split_feature=21 22 28 16 16
split_gain=11.1855 13.7166 7.22642 3.08706 2.97822
threshold=-0.92850002646446217 -0.98930001258850087 1.9760999679565432 -0.0082290000282227976 -0.0050040001515299073
decision_type=2 2 8 2 2
left_child=4 3 -3 -2 -1
right_child=1 2 -4 -5 -6
leaf_value=0.023221143848908853 -0.0049833010804804173 0.011077784077985124 0 -0.0235985800616966 0.005768517385692346
leaf_weight=23.956147521734238 20.95958898961544 65.623500764369965 236.62379188835621 22.174852058291435 23.955272942781448
leaf_count=96 84 263 950 89 96
internal_value=0 0 0.00234817 -0.0155508 0.0154047
internal_weight=0 345.382 302.247 43.1344 47.9114
internal_count=1578 1386 1213 173 192
is_linear=0
shrinkage=0.03


Tree=21
num_leaves=6
num_cat=0
split_feature=12 25 12 14 28
split_gain=13.259 15.1826 8.78817 9.60475 6.47545
threshold=0.7353000044822694 -0.9087499976158141 1.3510000109672549 17.500000000000004 2.9936000108718877
decision_type=2 2 2 2 10
left_child=1 -1 -2 -4 -3
right_child=2 4 3 -5 -6
leaf_value=-0.01296767230154537 -0.020730216175288894 0.0039542428355164114 0.0027790896380395125 -0.015233990744048921 0.015451459995534603
leaf_weight=28.409816890954971 24.173068195581436 98.581249848008156 112.34584577381611 33.420222193002701 96.350611597299576
leaf_count=114 97 395 451 135 386
internal_value=0 0.00676023 -0.00427756 -0.00122207 0.00984004
internal_weight=0 223.342 169.939 145.766 194.932
internal_count=1578 895 683 586 781
is_linear=0
shrinkage=0.03


Tree=22
num_leaves=6
num_cat=0
split_feature=5 22 10 31 4
split_gain=10.5723 8.44775 8.30674 6.90952 4.30535
threshold=0.72949999570846569 -0.81769999861717213 4.6168000698089608 2.5000000000000004 9.3823499679565447
decision_type=10 2 8 2 2
left_child=1 -1 -3 4 -2
right_child=3 2 -4 -5 -6
leaf_value=-0.017163293997162581 -0.00065798399847636008 0.0041977669830100721 -0.013067994509512394 -0.0077901428796512398 0.0099021514409360339
leaf_weight=33.36253996193409 36.92126901447773 93.626104608178139 33.027875110507011 26.127887770533562 170.12735161185265
leaf_count=134 148 376 133 105 682
internal_value=0 -0.00395756 -0.000136758 0.00597091 0.00788074
internal_weight=0 160.017 126.654 233.177 207.049
internal_count=1578 643 509 935 830
is_linear=0
shrinkage=0.03


Tree=23
num_leaves=7
num_cat=0
split_feature=12 11 11 6 6 7
split_gain=12.4131 16.2645 8.77293 8.63359 13.3214 3.4103
threshold=0.7353000044822694 1.1176499724388125 -3.7888499498367305 0.3567000031471253 0.60139998793602001 0.5774500072002412
decision_type=2 2 2 10 10 10
left_child=1 2 -1 -2 -5 -3
right_child=3 5 -4 4 -6 -7
leaf_value=-0.0091088217337559393 0.011718045077932263 0.010158954998486175 0.0060725156805600559 -0.017356247853829117 0.00052032276715985434 0.030152672977184988
leaf_weight=44.110011473298073 23.936491087079048 21.213115409016609 132.49004527926445 63.163189738988876 82.769138485193253 25.468191891908646
leaf_count=177 96 85 531 254 333 102
internal_value=0 0.00648057 0.00208176 -0.00420111 -0.0070784 0.0220998
internal_weight=0 223.281 176.6 169.869 145.932 46.6813
internal_count=1578 895 708 683 587 187
is_linear=0
shrinkage=0.03


Tree=24
num_leaves=6
num_cat=0
split_feature=12 24 12 16 16
split_gain=11.6849 12.645 8.39107 5.95847 5.90581
threshold=0.7353000044822694 -0.8880999982357024 1.3510000109672549 0.00028100000054109847 0.0065619999077171096
decision_type=2 2 2 2 2
left_child=1 -1 -2 -4 -3
right_child=2 4 3 -5 -6
leaf_value=-0.011498985653822272 -0.020147361497242167 0.011249160225146247 -0.0067019157227823575 0.0053303371283544435 -0.0030791016590265233
leaf_weight=28.882453352212906 24.145225495100021 167.90489782392979 80.04554882645607 65.617459580302238 26.453501790761948
leaf_count=116 97 673 322 264 106
internal_value=0 0.0062963 -0.004067 -0.00107776 0.00913964
internal_weight=0 223.241 169.808 145.663 194.358
internal_count=1578 895 683 586 779
is_linear=0
shrinkage=0.03


Tree=25
num_leaves=7
num_cat=0
split_feature=8 28 12 1 3 3
split_gain=9.10943 8.15614 8.51006 8.16155 6.04974 5.62969
threshold=0.14025000482797625 4.4484000205993661 2.1158999204635625 0.97464999556541454 4.1728999614715585 38.76574897766114
decision_type=8 10 2 2 2 2
left_child=4 2 -2 -3 -1 -6
right_child=1 3 -4 -5 5 -7
leaf_value=0.017500311687608329 -0.005134581324170235 -0.012068400702817257 -0.024717760263094263 0.010721097677915181 -0.0020564343107839448 0.0084435482730703931
leaf_weight=22.178872182965279 71.332416832447052 20.609698116779327 30.769972622394562 37.827654033899307 143.91201707720757 64.980557814240456
leaf_count=89 286 83 124 152 578 261
internal_value=0 -0.00638356 -0.0115097 0.00211114 0.0028644 0.00109155
internal_weight=0 160.54 102.102 58.4374 231.071 208.893
internal_count=1573 645 410 235 928 839
is_linear=0
shrinkage=0.03


Tree=26
num_leaves=6
num_cat=0
split_feature=23 9 1 29 28
split_gain=8.5363 11.6226 8.51386 8.05762 1.10938
threshold=2.3986499309539799 1.6636500358581545 0.88409999012947094 -1.2835499644279478 6.5353999137878427
decision_type=2 10 2 10 10
left_child=1 2 -1 -3 -2
right_child=4 3 -4 -5 -6
leaf_value=-0.0062843610940207561 -0.019285525588713916 0.023128329688769534 0.0038330004837717059 0 -0.0057638925635720767
leaf_weight=163.34361949563026 20.832764938473701 30.862986296415329 133.26907040178776 23.161212235689163 20.070402666926384
leaf_count=656 84 124 535 93 81
internal_value=0 0.000613977 -0.00164019 0.0133403 -0.0136625
internal_weight=0 350.637 296.613 54.0242 40.9032
internal_count=1573 1408 1191 217 165
is_linear=0
shrinkage=0.03


Tree=27
num_leaves=5
num_cat=0
split_feature=7 7 5 7
split_gain=8.1214 11.7084 10.4295 8.85555
threshold=1.1061999797821047 0.64945000410079967 0.50049999356269848 0.59540000557899486
decision_type=8 10 10 8
left_child=1 3 -3 -1
right_child=-2 2 -4 -5
leaf_value=-0.00013412495783835136 -0.015677897863172103 -0.0081899797629172832 0.011019949531649784 -0.014058655267044412
leaf_weight=157.40877115726471 29.582321912050247 29.754355624318123 117.8408784866333 56.905216887593269
leaf_count=632 119 120 473 229
internal_value=0 0.000364904 0.00691639 -0.00401886
internal_weight=0 361.909 147.595 214.314
internal_count=1573 1454 593 861
is_linear=0
shrinkage=0.03


Tree=28
num_leaves=7
num_cat=0
split_feature=8 6 5 28 5 1
split_gain=8.58229 10.2682 9.15845 7.58219 11.2425 7.51244
threshold=0.14025000482797625 1.0568000078201296 1.2415000200271609 4.4484000205993661 0.95049998164176952 0.97464999556541454
decision_type=8 10 10 10 8 2
left_child=1 2 -1 4 -2 -5
right_child=3 -3 -4 5 -6 -7
leaf_value=0.0010193228975391947 -0.0022398209298161082 -0.016832899679057035 0.015535496827374875 -0.011572606195111067 -0.023072342432244722 0.010292098987317285
leaf_weight=157.30040070414543 60.714413404464722 20.121098145842552 53.605818212032318 20.582456856966019 41.296605989336967 37.822413489222527
leaf_count=632 244 81 215 83 166 152
internal_value=0 0.00281932 0.00490636 -0.00615994 -0.0111067 0.00201665
internal_weight=0 231.027 210.906 160.416 102.011 58.4049
internal_count=1573 928 847 645 410 235
is_linear=0
shrinkage=0.03


Tree=29
num_leaves=6
num_cat=0
split_feature=21 16 26 31 16
split_gain=12.5511 6.45893 6.4071 8.45658 5.68953
threshold=-0.92850002646446217 -0.0050040001515299073 -3.1196999549865718 1.5000000000000002 -0.0048220001626759759
decision_type=2 2 10 2 2
left_child=1 -1 4 -4 -2
right_child=2 -3 3 -5 -6
leaf_value=0.024581960277825016 -0.0028833327305017864 0.0013964357610445411 0.0019417939237616354 -0.0096888854475051557 -0.023882075299207849
leaf_weight=22.928320437669754 31.83538481593132 25.410906210541725 214.80141505599022 74.296814545989037 22.096269860863686
leaf_count=92 128 102 863 299 89
internal_value=0 0.0132772 -0.00286825 -0.000966915 -0.012311
internal_weight=0 48.3392 343.03 289.098 53.9317
internal_count=1573 194 1379 1162 217
is_linear=0
shrinkage=0.03


Tree=30
num_leaves=8
num_cat=0
split_feature=16 28 27 8 27 7 16
split_gain=8.74169 11.8942 7.86225 8.44336 5.93586 5.61855 4.86437
threshold=-0.0045600000303238622 2.2157499790191655 0.95425000786781322 1.348100006580353 0.55860000848770153 0.70464998483657848 -0.009976499713957308
decision_type=2 10 8 10 10 10 2
left_child=2 4 6 -4 -2 -3 -1
right_child=1 5 3 -5 -6 -7 -8
leaf_value=0.0011096635055702052 -0.0060230244204321319 -0.013271668385710833 -0.0065964078679017265 0.013876281496112076 0.012672645695891788 -0.0014866372896513074 0.021329550957319206
leaf_weight=22.387198567390442 21.437267452478409 119.32592324912548 70.951132789254189 22.903673157095909 39.112370759248734 61.377126634120941 28.13711841404438
leaf_count=90 86 480 285 92 157 247 113
internal_value=0 -0.00555811 0.00367665 -0.0011905 0.00557582 -0.00946411 0.0131478
internal_weight=0 241.253 144.379 93.8548 60.5496 180.703 50.5243
internal_count=1550 970 580 377 243 727 203
is_linear=0
shrinkage=0.03


Tree=31
num_leaves=6
num_cat=0
split_feature=16 16 27 27 11
split_gain=8.26214 9.38285 11.1149 7.4785 9.66655
threshold=-0.0045600000303238622 -0.0026284999912604685 1.2230499982833865 0.53170001506805431 -3.4924000501632686
decision_type=2 2 10 8 2
left_child=3 -2 -3 -1 -5
right_child=1 2 -4 4 -6
leaf_value=0.016423798184300082 -0.021176294666374103 0.0044980442197898717 -0.0091520918119576827 -0.012902584243385511 0.0058234056447654626
leaf_weight=30.855191215872765 29.346998050808907 93.678744286298752 118.14950351417065 35.077831834554672 78.434302493929863
leaf_count=124 118 376 476 141 315
internal_value=0 -0.00539789 -0.00298174 0.00357896 0
internal_weight=0 241.175 211.828 144.367 113.512
internal_count=1550 970 852 580 456
is_linear=0
shrinkage=0.03


Tree=32
num_leaves=8
num_cat=0
split_feature=27 30 11 7 7 26 1
split_gain=7.63088 9.15953 9.80589 7.99712 10.3629 6.7326 5.04861
threshold=1.0200499892234804 0.97394999861717235 0.2746999859809876 0.64665001630783092 1.0527000427246096 -2.0233500003814693 0.56729999184608471
decision_type=10 10 2 10 10 10 2
left_child=1 2 -1 5 -5 -2 -3
right_child=3 6 -4 4 -6 -7 -8
leaf_value=0.0044574946155077786 0.0010978962669974748 0 -0.016591538383309186 0.0038157322593703339 -0.017335822639424382 -0.015430615029799711 0.017501041297219837
leaf_weight=52.051759704947472 25.605943441390991 19.907690152525902 29.877348139882088 107.12986217439175 24.79562896490097 82.208829089999199 43.835077807307243
leaf_count=209 103 80 120 431 100 331 176
internal_value=0 0.00337809 -0.00296428 -0.00523114 -3.45596e-05 -0.0112554 0.0119132
internal_weight=0 145.672 81.9291 239.74 131.925 107.815 63.7428
internal_count=1550 585 329 965 531 434 256
is_linear=0
shrinkage=0.03


Tree=33
num_leaves=8
num_cat=0
split_feature=12 11 14 28 29 11 5
split_gain=11.154 13.48 12.1012 9.77474 7.40618 5.72485 4.9363
threshold=0.11380000133067371 -3.4924000501632686 17.500000000000004 5.1818001270294198 -1.1111999750137327 -5.2210998535156241 0.80349999666214
decision_type=2 2 2 10 10 2 10
left_child=1 5 -3 4 -2 -1 -5
right_child=3 2 -4 6 -6 -7 -8
leaf_value=0.001384941044912696 -0.0061360686685496104 0.0026113594348248811 0.023251872668531327 -0.0050734104929068191 -0.021866237920603084 -0.017759604533039423 0.013867014823330691
leaf_weight=20.391462907195091 111.05754700303078 103.66887065768242 35.111023113131523 19.98696731030941 39.818302795290947 30.349845468997955 24.932994052767754
leaf_count=82 447 416 141 81 161 122 100
internal_value=0 0.00323241 0.00817698 -0.00689546 -0.0106017 -0.00960809 0.00485927
internal_weight=0 189.521 138.78 195.796 150.876 50.7413 44.92
internal_count=1550 761 557 789 608 204 181
is_linear=0
shrinkage=0.03


Tree=34
num_leaves=8
num_cat=0
split_feature=16 15 16 8 27 27 30
split_gain=7.56889 15.5698 7.94251 7.36177 6.868 7.99153 7.79441
threshold=-0.0045600000303238622 2.5000000000000004 -0.001488499983679503 0.50585001707077037 0.95425000786781322 2.938250064849854 0.90290001034736644
decision_type=2 2 2 10 8 8 10
left_child=4 2 -2 -3 6 -6 -1
right_child=1 3 -4 -5 5 -7 -8
leaf_value=0.0014002713337768057 -0.026359147436609588 0.0069005043168488631 -0.0076595396910138494 -0.010002435078490583 -0.0076926477713423593 0.010351129013073401 0.026332538291492548
leaf_weight=30.08627937734127 29.524287194013596 89.512763231992722 92.589134931564331 29.257561251521111 60.951639592647552 32.826641276478767 20.386870324611664
leaf_count=121 119 360 373 118 245 132 82
internal_value=0 -0.00508306 -0.0126017 0.00243745 0.00351302 -0.00101741 0.0123696
internal_weight=0 240.884 122.113 118.77 144.251 93.7783 50.4731
internal_count=1550 970 492 478 580 377 203
is_linear=0
shrinkage=0.03


Tree=35
num_leaves=6
num_cat=0
split_feature=15 11 28 28 28
split_gain=6.25102 5.61031 8.7743 5.00608 5.83461
threshold=4.5000000000000009 1.575250029563904 2.3622499704360966 1.9419000148773196 3.0497499704360966
decision_type=2 2 10 8 10
left_child=3 2 -2 -1 -5
right_child=1 -3 -4 4 -6
leaf_value=0.0067453731469153278 -0.013481200484981635 0.016093874023849614 0.0081364994649053678 -0.012179917765646763 -0.0018152089996526103
leaf_weight=36.061057850718498 24.653421744704247 29.552751287817955 47.962612971663475 70.321173250675201 187.3283272087574
leaf_count=145 99 119 193 283 755
internal_value=0 0.00527541 0.000306256 -0.0032593 -0.00479623
internal_weight=0 102.169 72.616 293.711 257.65
internal_count=1594 411 292 1183 1038
is_linear=0
shrinkage=0.03


Tree=36
num_leaves=6
num_cat=0
split_feature=6 28 27 27 27
split_gain=6.07175 7.76839 5.64152 11.4187 7.43774
threshold=0.87845000624656688 7.3085501194000253 2.6916500329971318 1.2854499816894533 3.3441998958587651
decision_type=8 10 10 10 10
left_child=2 -2 3 -1 -4
right_child=1 -3 4 -5 -6
leaf_value=0.0033302578841521804 -0.020315542992683178 3.8462797929735359e-05 0.021645678634675692 -0.0094360663561102107 0.00046248129356697373
leaf_weight=165.94901184737682 29.77220219373703 31.016895428299904 23.303570136427879 99.03416833281517 46.76675072312355
leaf_count=667 120 125 94 399 189
internal_value=0 -0.00961209 0.000566019 -0.00134575 0.00813502
internal_weight=0 60.7891 335.054 264.983 70.0703
internal_count=1594 245 1349 1066 283
is_linear=0
shrinkage=0.03


Tree=37
num_leaves=6
num_cat=0
split_feature=15 9 9 8 22
split_gain=5.85286 5.72537 5.55046 4.81273 10.379
threshold=4.5000000000000009 5.0252997875213632 2.2385500669479375 -0.64820000529289235 0.10289999842643739
decision_type=2 8 10 10 2
left_child=1 2 -1 -2 -5
right_child=3 -3 -4 4 -6
leaf_value=-0.0036051986092991398 0.017576795311429017 -0.017748192338552404 0.0084976687419180148 -0.010457676256702476 0.010881528232824744
leaf_weight=233.98592711985111 21.381027922034264 21.72193418443203 37.89945749938488 34.822239100933075 45.975924119353294
leaf_count=942 86 88 153 140 185
internal_value=0 -0.00312243 -0.00178323 0.00513611 0.00130263
internal_weight=0 293.607 271.885 102.179 80.7982
internal_count=1594 1183 1095 411 325
is_linear=0
shrinkage=0.03


Tree=38
num_leaves=6
num_cat=0
split_feature=15 9 28 11 28
split_gain=5.51805 5.41138 8.11998 5.18889 8.28176
threshold=4.5000000000000009 5.0252997875213632 7.3085501194000253 1.575250029563904 2.3622499704360966
decision_type=2 8 10 2 10
left_child=1 2 -1 4 -2
right_child=3 -3 -4 -5 -6
leaf_value=-0.003655906491939075 -0.013190362975956977 -0.017264257294613707 0.012571346607461981 0.015383146880722268 0.0078186036595708046
leaf_weight=242.04624193906784 24.655666470527649 21.689421996474266 29.830395296216011 29.567621126770973 47.955302953720093
leaf_count=975 99 88 120 119 193
internal_value=0 -0.00303053 -0.00172596 0.00498728 0.000195006
internal_weight=0 293.566 271.877 102.179 72.611
internal_count=1594 1183 1095 411 292
is_linear=0
shrinkage=0.03


Tree=39
num_leaves=6
num_cat=0
split_feature=11 11 23 28 29
split_gain=4.90418 10.5102 10.4565 8.13445 7.39823
threshold=3.5311000347137456 2.0775001049041752 2.3573499917984013 7.3085501194000253 -2.1013499498367305
decision_type=2 2 2 10 10
left_child=1 3 -2 -1 -3
right_child=2 4 -4 -5 -6
leaf_value=-0.0020869877772300852 0.018989007900714235 -0.0025432830592185037 -0.0075410284082264517 0.01260876826758126 -0.029056884600957605
leaf_weight=264.38763372600079 30.044213458895683 22.816431760787964 20.748734414577484 37.803676754236221 19.892009913921356
leaf_count=1064 121 92 84 152 81
internal_value=0 -0.00220359 0.007636 -0.0001141 -0.015961
internal_weight=0 344.9 50.7929 302.191 42.7084
internal_count=1594 1389 205 1216 173
is_linear=0
shrinkage=0.03


Tree=40
num_leaves=8
num_cat=0
split_feature=12 14 9 16 16 2 23
split_gain=7.34953 15.1474 12.5977 10.1275 9.86808 5.81501 5.09703
threshold=0.7353000044822694 17.500000000000004 -2.2015999555587764 0.0035655000247061257 -0.0067914999090135089 58.733800888061531 0.53380000591278087
decision_type=2 2 10 2 2 2 2
left_child=2 3 4 -2 -1 -4 -3
right_child=1 6 5 -5 -6 -7 -8
leaf_value=0.0022276973788694829 -0.0055019246357785592 -0.0066723994224488301 0.011485168261236021 0.01283782771005923 -0.020158105421742845 -0.00035345483255905908 -0.030183367496068536
leaf_weight=35.822581082582474 89.098212480545044 19.787411898374557 109.53033791482449 37.755851283669472 30.245142310857773 49.070738151669502 23.136341795325279
leaf_count=144 359 80 440 152 122 197 95
internal_value=0 -0.00524301 0.00298645 0 -0.00772075 0.0076551 -0.0204267
internal_weight=0 169.778 224.669 126.854 66.0677 158.601 42.9238
internal_count=1589 686 903 511 266 637 175
is_linear=0
shrinkage=0.03


Tree=41
num_leaves=8
num_cat=0
split_feature=12 14 11 16 16 7 24
split_gain=6.93082 14.3718 11.8059 13.518 9.53765 9.24828 5.12229
threshold=0.7353000044822694 17.500000000000004 -3.7888499498367305 -0.0074690000619739285 0.0035655000247061257 0.61614999175071727 0.13264999538660052
decision_type=2 2 2 2 2 10 2
left_child=2 4 3 -1 -2 -4 -3
right_child=1 6 5 -5 -6 -7 -8
leaf_value=0.0078737844975109543 -0.0053405303062444886 -0.0061959506862693057 0.00030215959906182123 -0.022599323634578505 0.012453646261670195 0.014508595313171817 -0.029684193862498751
leaf_weight=20.420473426580429 89.067782834172249 19.757529407739639 99.161545649170876 29.429277330636978 37.783376887440681 75.601255282759666 23.044609323143959
leaf_count=82 359 80 398 119 152 304 95
internal_value=0 -0.00510024 0.00289266 -0.00961698 0 0.00666604 -0.0199159
internal_weight=0 169.653 224.613 49.8498 126.851 174.763 42.8021
internal_count=1589 686 903 201 511 702 175
is_linear=0
shrinkage=0.03


Tree=42
num_leaves=6
num_cat=0
split_feature=5 28 6 10 11
split_gain=7.40691 7.24972 13.9871 6.11758 3.83568
threshold=0.5704999864101411 7.3085501194000253 0.87020000815391552 4.1232500076293954 -0.91064998507499684
decision_type=10 10 8 10 2
left_child=3 2 -2 4 -1
right_child=1 -3 -4 -5 -6
leaf_value=-0.0094467009571053834 0.0022146745665515173 0.014065940612772474 -0.022666293091682992 -0.020501015561077012 0.0034073992168278905
leaf_weight=39.403543457388878 233.77429747581482 37.257738575339317 21.261123865842819 24.22976553440094 38.110742256045341
leaf_count=159 941 150 86 99 154
internal_value=0 0.0018872 0 -0.00745201 -0.00278184
internal_weight=0 292.293 255.035 101.744 77.5143
internal_count=1589 1177 1027 412 313
is_linear=0
shrinkage=0.03


Tree=43
num_leaves=6
num_cat=0
split_feature=5 7 28 26 16
split_gain=6.98599 6.96614 6.96344 3.50753 4.24382
threshold=0.5704999864101411 1.1061999797821047 7.3085501194000253 -1.2400500178337095 -0.0064675000030547372
decision_type=10 8 10 8 2
left_child=3 2 -2 4 -1
right_child=1 -3 -4 -5 -6
leaf_value=-0.00089298576583573923 0.0012758999168173517 -0.014446169477619565 0.016141947740388525 0 -0.017715850710802616
leaf_weight=26.765708148479462 239.65825508534908 20.318299800157547 32.305004388093948 36.586284965276718 38.313145726919174
leaf_count=108 965 82 130 148 156
internal_value=0 0.00182997 0.00320433 -0.00724198 -0.0113691
internal_weight=0 292.282 271.963 101.665 65.0789
internal_count=1589 1177 1095 412 264
is_linear=0
shrinkage=0.03


Tree=44
num_leaves=6
num_cat=0
split_feature=5 28 5 10 9
split_gain=6.59653 6.49506 7.19869 5.7546 3.90737
threshold=0.5704999864101411 7.3085501194000253 1.0504999756813052 4.1232500076293954 -2.1332999467849727
decision_type=10 10 10 10 10
left_child=3 2 -2 4 -1
right_child=1 -3 -4 -5 -6
leaf_value=-0.011629152109436536 0.0047698691256272945 0.013302852693967896 -0.0052898002454163226 -0.019719099838700477 0.0019683253829108488
leaf_weight=27.186569213867188 135.31997029483318 37.255869060754776 119.69624738395214 24.132005006074905 50.276341155171394
leaf_count=110 545 150 482 99 203
internal_value=0 0.00177542 0 -0.00704165 -0.00250892
internal_weight=0 292.272 255.016 101.595 77.4629
internal_count=1589 1177 1027 412 313
is_linear=0
shrinkage=0.03


Tree=45
num_leaves=6
num_cat=0
split_feature=27 24 7 7 24
split_gain=6.18691 8.32038 8.01368 6.21264 5.83731
threshold=0.95425000786781322 -0.67035001516342152 0.58759999275207531 1.0971999764442446 -0.69605001807212818
decision_type=8 2 10 8 2
left_child=1 -1 -3 4 -2
right_child=3 2 -4 -5 -6
leaf_value=0.021088118307820699 -0.016294127520280342 0.0072236872716447235 -0.0087195673264885282 -0.019115836628592193 -0.00049325822564146471
leaf_weight=20.368441626429558 23.252851113677025 67.447087451815605 47.11316978931427 21.981973141431808 197.52982546389103
leaf_count=82 94 271 190 89 798
internal_value=0 0.00386625 0.000388666 -0.00407124 -0.00235864
internal_weight=0 134.929 114.56 242.765 220.783
internal_count=1524 543 461 981 892
is_linear=0
shrinkage=0.03


Tree=46
num_leaves=8
num_cat=0
split_feature=12 10 24 5 4 9 6
split_gain=7.28629 6.76616 8.07775 6.31396 10.1907 1.89065 0.280498
threshold=2.1158999204635625 3.3536000251770024 -0.86430001258850087 0.69949999451637279 31.296649932861332 1.3606500029563906 0.65905001759529125
decision_type=2 8 2 10 2 10 10
left_child=1 2 -1 6 -5 -3 -2
right_child=3 5 -4 4 -6 -7 -8
leaf_value=-0.009995714538658676 -0.021622127425148834 -0.013083351860537377 0.0064944718604841665 0.0077991477183257402 -0.013922007196472729 0 -0.010070428275970312
leaf_weight=29.177740171551704 19.812496349215508 28.291071817278862 181.40038675069809 41.64187203347683 33.980083033442497 20.890458256006241 22.435132458806038
leaf_count=118 81 114 730 168 137 84 92
internal_value=0 0.00159246 0.00403135 -0.0073226 -0.00162385 -0.00812442 -0.0165561
internal_weight=0 259.76 210.578 117.87 75.622 49.1815 42.2476
internal_count=1524 1046 848 478 305 198 173
is_linear=0
shrinkage=0.03


Tree=47
num_leaves=8
num_cat=0
split_feature=12 10 27 1 10 27 9
split_gain=6.8734 6.38965 7.1314 6.1249 12.2092 3.21064 2.8995
threshold=2.1158999204635625 3.3536000251770024 0.92750000953674328 1.013499975204468 2.9053999185562138 1.8273499608039858 -0.37880000472068781
decision_type=2 8 8 2 10 10 10
left_child=1 2 -1 4 -2 -3 -5
right_child=3 5 -4 6 -6 -7 -8
leaf_value=0.011152865171029158 -0.027755204977454852 -0.016406727691767268 -6.2999498438698679e-05 0.0089238658382239273 -0.00085671615701833517 0 -0.0051364872820714195
leaf_weight=76.545608341693878 28.213440805673599 21.383959606289864 134.00245887041092 20.897197514772415 36.84228327870369 27.775628209114075 31.81448969244957
leaf_count=308 115 86 540 84 150 112 129
internal_value=0 0.00153335 0.00390621 -0.00712644 -0.0132198 -0.00790668 0
internal_weight=0 259.708 210.548 117.767 65.0557 49.1596 52.7117
internal_count=1524 1046 848 478 265 198 213
is_linear=0
shrinkage=0.03


Tree=48
num_leaves=7
num_cat=0
split_feature=12 11 11 6 14 5
split_gain=6.48058 9.90928 14.2681 12.3822 6.5991 4.44012
threshold=2.1158999204635625 1.1767999529838564 0.5990000069141389 0.69354999065399181 16.500000000000004 0.89049997925758373
decision_type=2 2 2 8 2 10
left_child=1 2 -1 -3 5 -2
right_child=4 3 -4 -5 -6 -7
leaf_value=0.0010109247386428919 -0.0090513795222655503 0.02264574689229288 -0.024787022330284958 -0.0047185579090720025 -0.018532677189280113 0.0042066078371523104
leaf_weight=180.6614940315485 43.181789368391037 37.291467234492302 20.407854735851288 21.300103202462196 31.740804567933083 42.740552008152008
leaf_count=728 175 150 82 86 131 172
internal_value=0 0.00147672 -0.00156872 0.0122822 -0.00693292 -0.00213877
internal_weight=0 259.661 201.069 58.5916 117.663 85.9223
internal_count=1524 1046 810 236 478 347
is_linear=0
shrinkage=0.03


Tree=49
num_leaves=8
num_cat=0
split_feature=12 10 7 24 5 16 7
split_gain=6.10903 6.05598 14.0134 7.58975 5.68 3.60978 1.01735
threshold=2.1158999204635625 3.3536000251770024 0.67904999852180492 -0.86430001258850087 0.69949999451637279 0.00028100000054109847 0.70394998788833629
decision_type=2 8 10 2 10 2 10
left_child=1 3 -3 -1 6 -6 -2
right_child=4 2 -4 -5 5 -7 -8
leaf_value=-0.0098546153435193594 -0.020978408200479783 -0.022791742861975935 0.0081450336814118014 0.0061349658287279084 -0.006328333608120431 0.0071007526001911703 -0.007343187435703267
leaf_weight=29.162498816847801 22.053772792220116 26.012616738677025 23.125663191080093 181.34816016256809 49.771438851952553 25.764217108488083 19.951361387968063
leaf_count=118 91 105 93 730 201 104 82
internal_value=0 0.00142836 -0.00776174 0.00374194 -0.00673805 -0.00132295 -0.015521
internal_weight=0 259.649 49.1383 210.511 117.541 75.5357 42.0051
internal_count=1524 1046 198 848 478 305 173
is_linear=0
shrinkage=0.03


Tree=50
num_leaves=6
num_cat=0
split_feature=6 7 14 7 15
split_gain=10.7515 13.2537 12.231 10.957 9.53833
threshold=0.87020000815391552 0.6716500222682954 13.500000000000002 0.37430000305175787 3.5000000000000004
decision_type=10 10 2 10 2
left_child=1 3 -3 -1 -2
right_child=4 2 -4 -5 -6
leaf_value=0.01321009733622718 -0.020919857901824275 0.0021918952590442267 0.022319974859264215 -0.0048981575567414023 0.0017302026858462274
leaf_weight=34.522614553570747 35.846336275339127 71.886368855834007 47.079625532031059 181.66172024607658 26.272304028272629
leaf_count=139 146 290 191 734 106
internal_value=0 0.00249129 0.0105271 -0.0018208 -0.0109894
internal_weight=0 335.15 118.966 216.184 62.1186
internal_count=1606 1354 481 873 252
is_linear=0
shrinkage=0.03


Tree=51
num_leaves=6
num_cat=0
split_feature=6 7 14 11 15
split_gain=10.1266 12.4878 11.4875 10.3369 9.03358
threshold=0.87020000815391552 0.6716500222682954 13.500000000000002 2.0264500379562382 3.5000000000000004
decision_type=10 10 2 2 2
left_child=1 3 -3 -1 -2
right_child=4 2 -4 -5 -6
leaf_value=0.00085823113710994177 -0.020346971869373849 0.0021269063551470463 0.021646042777825364 -0.017227416153824063 0.0016802243906511962
leaf_weight=183.99617427587509 35.779124736785889 71.890899494290352 47.11953766644001 32.156993001699448 26.271918624639511
leaf_count=742 146 290 191 131 106
internal_value=0 0.002422 0.010221 -0.00176115 -0.0106663
internal_weight=0 335.164 119.01 216.153 62.051
internal_count=1606 1354 481 873 252
is_linear=0
shrinkage=0.03


Tree=52
num_leaves=6
num_cat=0
split_feature=6 1 15 26 23
split_gain=9.53503 9.4913 8.55774 7.40235 5.43799
threshold=0.87020000815391552 0.77174997329711925 3.5000000000000004 -1.1031499505043028 -1.2425000071525572
decision_type=10 2 2 10 2
left_child=1 4 -2 -3 -1
right_child=2 3 -4 -5 -6
leaf_value=-0.013014202090261945 -0.019792738514351732 0.011972892655810431 0.0016316905716671191 -0.00064644019210046138 0
leaf_weight=34.677374199032784 35.706677600741386 109.85437248647213 26.271507740020752 60.08662137389183 130.52584731578827
leaf_count=140 146 443 106 243 528
internal_value=0 0.00235275 -0.0103532 0.00735785 -0.00262869
internal_weight=0 335.144 61.9782 169.941 165.203
internal_count=1606 1354 252 686 668
is_linear=0
shrinkage=0.03


Tree=53
num_leaves=5
num_cat=0
split_feature=6 15 6 14
split_gain=8.96851 8.10889 7.25622 6.7358
threshold=0.87020000815391552 3.5000000000000004 0.78595000505447399 14.500000000000002
decision_type=10 2 10 2
left_child=2 -2 3 -1
right_child=1 -3 -4 -5
leaf_value=-0.0026526869092537075 -0.019256201897590877 0.0015845602450426375 0.016302945493556667 0.0064133041592342958
leaf_weight=186.89498926699162 35.629562541842461 26.271074160933495 29.434064134955406 118.807850882411
leaf_count=753 146 106 119 482
internal_value=0 -0.0100497 0.00227914 0.000782313
internal_weight=0 61.9006 335.137 305.703
internal_count=1606 252 1354 1235
is_linear=0
shrinkage=0.03


Tree=54
num_leaves=5
num_cat=0
split_feature=7 7 29 29
split_gain=6.77742 8.81886 15.7614 9.8922
threshold=0.37430000305175787 0.6716500222682954 -1.1644000411033628 -1.2360000014305113
decision_type=10 10 10 8
left_child=-1 2 -2 -3
right_child=1 3 -4 -5
leaf_value=0.012816528159251791 4.1778279680864243e-06 0 -0.018653722473491431 0.017253542566153125
leaf_weight=34.526233747601509 132.38044314086437 136.48341518640518 55.901709139347076 37.682552233338356
leaf_count=139 535 553 227 152
internal_value=0 -0.000892643 -0.00544622 0.00386172
internal_weight=0 362.448 188.282 174.166
internal_count=1606 1467 762 705
is_linear=0
shrinkage=0.03


Tree=55
num_leaves=5
num_cat=0
split_feature=16 10 30 16
split_gain=4.42233 14.6715 6.35865 4.30094
threshold=-0.015562999993562697 -10.165050029754637 1.2414500117301943 -0.022432999685406681
decision_type=2 10 10 2
left_child=3 -2 -3 -1
right_child=1 2 -4 -5
leaf_value=0 -0.020441638065455677 -0.0051009188695458679 0.0038417879061247873 0.017603708356410366
leaf_weight=20.550651863217354 31.087718844413757 105.11554682254791 213.04555293917656 23.039685741066933
leaf_count=83 127 424 862 93
internal_value=0 -0.00107037 0.000786533 0.0089588
internal_weight=0 349.249 318.161 43.5903
internal_count=1589 1413 1286 176
is_linear=0
shrinkage=0.03


Tree=56
num_leaves=5
num_cat=0
split_feature=28 6 12 28
split_gain=5.58075 8.97857 8.69607 6.15517
threshold=7.3085501194000253 0.87845000624656688 -5.2163000106811515 9.5957498550415057
decision_type=10 10 2 10
left_child=1 2 -1 -2
right_child=3 -3 -4 -5
leaf_value=0.014814257503038407 0.018163290150319165 -0.016360083906853281 -0.0014615141838662242 -0.001845636148845806
leaf_weight=31.964390367269516 28.994360148906708 31.377624720335007 279.63827994465828 20.830605819821358
leaf_count=129 117 128 1130 85
internal_value=0 -0.00131262 0.000154145 0.00933606
internal_weight=0 342.98 311.603 49.825
internal_count=1589 1387 1259 202
is_linear=0
shrinkage=0.03


Tree=57
num_leaves=5
num_cat=0
split_feature=28 6 29 28
split_gain=5.24377 8.4773 5.91781 5.82246
threshold=7.3085501194000253 0.87845000624656688 -0.39959999918937678 9.5957498550415057
decision_type=10 10 10 10
left_child=1 2 -1 -2
right_child=3 -3 -4 -5
leaf_value=0.0013802069111184061 0.017639783659565329 -0.015906217220207474 -0.014661911678713028 -0.0017929611565483453
leaf_weight=290.34329734742641 28.988947495818138 31.333960101008415 21.225573301315308 20.828713208436966
leaf_count=1173 117 128 86 85
internal_value=0 -0.00127381 0.00014795 0.00904923
internal_weight=0 342.903 311.569 49.8177
internal_count=1589 1387 1259 202
is_linear=0
shrinkage=0.03


Tree=58
num_leaves=5
num_cat=0
split_feature=16 10 12 16
split_gain=4.07489 13.6457 9.4517 4.0428
threshold=-0.015562999993562697 -10.165050029754637 -5.2163000106811515 -0.022432999685406681
decision_type=2 10 2 2
left_child=3 -2 -3 -1
right_child=1 2 -4 -5
leaf_value=0 -0.019752316045470265 0.0160801282217964 -0.00089455940138763695 0.016987592713094347
leaf_weight=20.540408581495285 30.985089316964149 31.699313819408417 286.41344828903675 23.012138143181801
leaf_count=83 127 128 1158 93
internal_value=0 -0.00103708 0.000748014 0.00859446
internal_weight=0 349.098 318.113 43.5525
internal_count=1589 1413 1286 176
is_linear=0
shrinkage=0.03


Tree=59
num_leaves=6
num_cat=0
split_feature=28 28 29 30 30
split_gain=4.82473 5.46454 4.88441 11.1416 6.73439
threshold=7.3085501194000253 9.5957498550415057 -4.4121499061584464 1.4657000303268435 0.86300000548362743
decision_type=10 10 10 10 10
left_child=2 -2 3 -1 -4
right_child=1 -3 4 -5 -6
leaf_value=0 0.017012162261859462 -0.001792598884289101 -0.0091547025912774218 -0.026655803959011515 0.0026022655014498698
leaf_weight=37.84025639295578 28.966125383973122 20.811950951814651 52.776613801717758 19.992907866835594 232.16600044071674
leaf_count=153 117 85 213 82 939
internal_value=0 0.00867872 -0.0012271 -0.00911559 0.000295342
internal_weight=0 49.7781 342.776 57.8332 284.943
internal_count=1589 202 1387 235 1152
is_linear=0
shrinkage=0.03


Tree=60
num_leaves=8
num_cat=0
split_feature=12 11 28 16 9 27 17
split_gain=7.55006 9.29447 11.7503 6.95496 12.3055 8.27185 6.43963
threshold=2.9111499786376958 -3.7888499498367305 3.0749499797821049 0.00028100000054109847 -1.5889499783515928 1.8805000185966494 -1.0000000180025095e-35
decision_type=2 2 10 2 10 10 2
left_child=1 6 -3 4 -2 -5 -1
right_child=3 2 -4 5 -6 -7 -8
leaf_value=0.00066909769320190723 0.0026505760695777871 -0.0019677437182995749 0.01136453194756969 0.015173454137360355 -0.024630705139253795 -0.0098053797832797357 -0.019609062518595122
leaf_weight=24.101368501782417 21.313861802220345 113.03628242015839 117.09824533760548 20.460765868425369 36.580906927585602 25.349148392677307 25.626286298036575
leaf_count=97 86 456 473 83 149 104 105
internal_value=0 0.00207367 0.00470608 -0.00734665 -0.0142033 0.00079621 -0.00937006
internal_weight=0 279.862 230.135 103.705 57.8948 45.8099 49.7277
internal_count=1553 1131 929 422 235 187 202
is_linear=0
shrinkage=0.03


Tree=61
num_leaves=8
num_cat=0
split_feature=12 11 25 16 16 24 6
split_gain=7.09967 8.74345 14.1898 6.55813 6.93351 6.02435 3.93601
threshold=2.9111499786376958 -3.7888499498367305 -0.62154999375343312 0.00028100000054109847 0.004828499862924219 -0.087600000202655778 0.78104999661445629
decision_type=2 2 2 2 2 2 10
left_child=1 6 -3 5 -5 -2 -1
right_child=3 2 -4 4 -6 -7 -8
leaf_value=0 -0.0013694650104394445 0.02802593579690801 0.0020307935649298194 0.012727201484714663 -0.010008445835884471 -0.022229444216856548 -0.016899022221474713
leaf_weight=23.593267127871513 25.263802126049995 20.277556285262108 209.8370716124773 22.920026645064354 22.88297113776207 32.524739801883698 26.075477242469788
leaf_count=95 102 82 847 93 94 133 107
internal_value=0 0.00200775 0.00456263 -0.0071306 0.000756438 -0.0137987 -0.00909332
internal_weight=0 279.783 230.115 103.592 45.803 57.7885 49.6687
internal_count=1553 1131 929 422 187 235 202
is_linear=0
shrinkage=0.03


Tree=62
num_leaves=7
num_cat=0
split_feature=31 0 15 1 14 7
split_gain=5.78303 5.33472 6.42327 5.89501 4.53384 5.90217
threshold=1.5000000000000002 -0.42220000922679896 2.5000000000000004 0.82545000314712536 8.5000000000000018 0.55735000967979442
decision_type=2 2 2 2 2 10
left_child=1 2 -1 -3 -2 -6
right_child=4 3 -4 -5 5 -7
leaf_value=-0.014311754290969722 -0.017695678814183682 -3.9599231824518354e-05 0.0025570901358763429 0.0095736159166268844 -0.014841316283173674 0.0044748234035342461
leaf_weight=36.017789393663406 25.934635564684868 129.62968027591705 39.261179730296135 94.039105162024498 20.690957233309746 37.621226593852043
leaf_count=146 105 525 159 381 84 153
internal_value=0 0.00149312 -0.00520246 0.00389326 -0.00734017 -0.00200801
internal_weight=0 298.948 75.279 223.669 84.2468 58.3122
internal_count=1553 1211 305 906 342 237
is_linear=0
shrinkage=0.03


Tree=63
num_leaves=8
num_cat=0
split_feature=11 11 11 1 11 31 14
split_gain=6.18526 12.8088 8.74467 9.79689 7.92447 6.69178 5.22823
threshold=0.38754999637603765 -2.6623500585556026 3.5311000347137456 0.90575000643730175 1.9160000085830691 1.5000000000000002 15.500000000000002
decision_type=2 2 2 2 2 2 2
left_child=1 6 4 -4 -2 -3 -1
right_child=2 5 3 -5 -6 -7 -8
leaf_value=-0.010235485307029713 -0.0027764158547521432 0.013318054395043284 0.021055388301545411 -0.0052902911955507613 -0.019129800692274473 -0.0022058624212059419 0.0048952956958780332
leaf_weight=62.961468294262886 79.7352504581213 92.675552755594254 20.816826075315475 26.850684031844139 44.084702521562576 29.508747801184654 26.502231538295746
leaf_count=255 323 374 85 109 180 119 108
internal_value=0 0.00296374 -0.00466464 0.0057949 -0.00894581 0.00933786 -0.00541704
internal_weight=0 211.648 171.487 47.6675 123.82 122.184 89.4637
internal_count=1553 856 697 194 503 493 363
is_linear=0
shrinkage=0.03


Tree=64
num_leaves=7
num_cat=0
split_feature=8 7 9 22 31 21
split_gain=5.87716 9.41708 6.96643 5.5309 4.99563 6.83345
threshold=0.12785000354051593 0.65219998359680187 -0.7362999916076659 0.31180000305175787 1.5000000000000002 -0.13265000283718106
decision_type=8 10 10 2 2 2
left_child=4 2 -2 -3 5 -1
right_child=1 3 -4 -5 -6 -7
leaf_value=0.00066972761883221383 0.0018089442858274349 -0.0081011767790107794 -0.017395912920548661 0.0078100320661323702 -0.0066385646691648065 0.013372637570273507
leaf_weight=125.48601856827736 19.769024580717087 28.316093415021896 58.661612242460251 54.415579989552498 38.762231945991516 57.573145270347595
leaf_count=508 80 115 239 221 157 233
internal_value=0 -0.00477914 -0.0122157 0.00197419 0.0027108 0.0048788
internal_weight=0 161.162 78.4306 82.7317 221.821 183.059
internal_count=1553 655 319 336 898 741
is_linear=0
shrinkage=0.03


Tree=65
num_leaves=5
num_cat=0
split_feature=28 28 27 11
split_gain=7.21341 9.56054 11.3311 5.17813
threshold=1.5023499727249148 3.0749499797821049 1.4534000158309939 2.1840500831604008
decision_type=8 10 8 2
left_child=-1 2 -2 -3
right_child=1 3 -4 -5
leaf_value=0.013816743681945146 -0.0012785016612191749 0.004608926462637373 -0.019958761990868698 -0.0053743057258981951
leaf_weight=26.846699446439743 82.904221206903458 161.39852501451969 47.781616851687431 62.68555860221386
leaf_count=108 335 655 194 256
internal_value=0 -0.0019807 -0.00843593 0.00167145
internal_weight=0 354.77 130.686 224.084
internal_count=1548 1440 529 911
is_linear=0
shrinkage=0.03


Tree=66
num_leaves=5
num_cat=0
split_feature=28 28 28 23
split_gain=6.80803 9.02006 9.53356 5.65175
threshold=1.5023499727249148 3.0749499797821049 2.4841001033782963 1.6813499927520754
decision_type=8 10 8 2
left_child=-1 2 -2 -3
right_child=1 3 -4 -5
leaf_value=0.0134216675800444 -0.00041518668288158006 0.0044389903934655061 -0.017094993665920499 -0.0064411853354751081
leaf_weight=26.837414845824242 71.999813929200172 169.05424697697163 58.597556576132774 55.024601921439171
leaf_count=108 291 686 238 225
internal_value=0 -0.00192626 -0.00820023 0.00161723
internal_weight=0 354.676 130.597 224.079
internal_count=1548 1440 529 911
is_linear=0
shrinkage=0.03


Tree=67
num_leaves=5
num_cat=0
split_feature=28 28 27 16
split_gain=6.42572 8.50704 10.586 10.333
threshold=1.5023499727249148 3.0749499797821049 1.4534000158309939 -0.0045945001766085616
decision_type=8 10 8 2
left_child=-1 2 -2 -3
right_child=1 3 -4 -5
leaf_value=0.013038914662779772 -0.0010488264957754978 0.0091270078298547417 -0.019122803734480141 -0.0037846534955856262
leaf_weight=26.825986802577972 82.890386715531349 94.861258521676064 47.643964365124702 129.21172557771206
leaf_count=108 335 385 194 526
internal_value=0 -0.00187306 -0.00796899 0.00156447
internal_weight=0 354.607 130.534 224.073
internal_count=1548 1440 529 911
is_linear=0
shrinkage=0.03


Tree=68
num_leaves=5
num_cat=0
split_feature=28 28 27 16
split_gain=6.06524 8.02869 9.98942 9.73147
threshold=1.5023499727249148 3.0749499797821049 1.4534000158309939 -0.0045945001766085616
decision_type=8 10 8 2
left_child=-1 2 -2 -3
right_child=1 3 -4 -5
leaf_value=0.012667983811539671 -0.0010177527507962841 0.0088559947168064795 -0.018598387035785147 -0.0036729055826150883
leaf_weight=26.812614932656288 82.889089703559875 94.861877858638763 47.547419518232346 129.17960600554943
leaf_count=108 335 385 194 526
internal_value=0 -0.0018214 -0.00774733 0.00151445
internal_weight=0 354.478 130.437 224.041
internal_count=1548 1440 529 911
is_linear=0
shrinkage=0.03


Tree=69
num_leaves=5
num_cat=0
split_feature=28 28 27 10
split_gain=5.72543 7.57785 9.4277 4.5103
threshold=1.5023499727249148 3.0749499797821049 1.4534000158309939 -10.538450241088865
decision_type=8 10 8 10
left_child=-1 2 -2 -3
right_child=1 3 -4 -5
leaf_value=0.012308405022045428 -0.00098759957180277313 -0.0067051393265792156 -0.018090424387423639 0.0037091660334642872
leaf_weight=26.797485545277596 82.88778905570507 44.941708967089653 47.445661187171936 179.06474816799164
leaf_count=108 335 184 194 727
internal_value=0 -0.00177128 -0.00753235 0.00146593
internal_weight=0 354.34 130.333 224.006
internal_count=1548 1440 529 911
is_linear=0
shrinkage=0.03


Tree=70
num_leaves=8
num_cat=0
split_feature=27 30 30 28 15 10 32
split_gain=4.23201 10.4805 7.20533 9.93386 8.66033 6.78189 6.24823
threshold=1.1283000111579897 3.1964999437332158 1.3203999996185305 4.3679502010345468 2.5000000000000004 3.0903000831604008 1.0000000180025095e-35
decision_type=8 8 10 10 2 10 2
left_child=2 6 3 -1 -4 -3 -2
right_child=1 5 4 -5 -6 -7 -8
leaf_value=-0.0041068435443922377 -0.019280340707536682 0.010145884450812685 0 0.018624582698778321 0.02696781408616997 -0.0047362509829627798 -0.0035667990003947782
leaf_weight=96.599399223923683 36.60319447517395 64.229919597506523 20.159902513027191 20.028746888041496 21.785565197467804 43.787889942526817 75.925307363271713
leaf_count=390 149 261 82 81 88 179 309
internal_value=0 -0.00261657 0.0037899 0 0.0142958 0.00384972 -0.00906715
internal_weight=0 220.546 158.574 116.628 41.9455 108.018 112.529
internal_count=1539 898 641 471 170 440 458
is_linear=0
shrinkage=0.03


Tree=71
num_leaves=7
num_cat=0
split_feature=3 6 10 12 17 3
split_gain=6.34326 8.12537 7.64602 9.13182 5.62251 5.36946
threshold=37.912849426269538 0.44494999945163732 -4.0759499073028556 -0.44335000216960901 1.0000000180025095e-35 49.719100952148445
decision_type=2 10 10 2 2 2
left_child=2 -2 4 -4 -1 -3
right_child=1 5 3 -5 -6 -7
leaf_value=-0.0019513880457337077 -0.0058930895195262534 0.019823800770542431 0.0097635893973592475 -0.0039779562572976098 -0.018389394524860152 0.0030283863745727163
leaf_weight=45.467965543270111 32.069931373000145 36.491206437349319 66.748966738581657 118.5064580142498 38.079714670777321 41.607268780469894
leaf_count=184 130 148 270 482 156 169
internal_value=0 0.00609315 -0.0024212 0.000837998 -0.00992729 0.0114067
internal_weight=0 110.168 268.803 185.255 83.5477 78.0985
internal_count=1539 447 1092 752 340 317
is_linear=0
shrinkage=0.03


Tree=72
num_leaves=7
num_cat=0
split_feature=3 29 10 22 4 3
split_gain=5.98218 8.10876 7.22265 9.03276 3.98069 3.3095
threshold=37.912849426269538 -1.400349974632263 -4.0759499073028556 -1.4120500087738035 34.296150207519538 56.486650466918952
decision_type=2 10 10 2 2 2
left_child=2 5 4 -4 -1 -2
right_child=1 -3 3 -5 -6 -7
leaf_value=-0.015800079857375089 0.016370038352120895 -0.0046322158369537549 0.019438825492651853 -0.0013704485684536325 -0.0016939711424607839 0.0011031472827375799
leaf_weight=44.429696440696716 48.611789584159851 38.182359382510185 20.010760083794594 165.18721632659435 39.071085020899773 23.387119069695473
leaf_count=181 197 155 81 671 159 95
internal_value=0 0.0059142 -0.00235447 0.000809211 -0.00965283 0.011905
internal_weight=0 110.181 268.699 185.198 83.5008 71.9989
internal_count=1539 447 1092 752 340 292
is_linear=0
shrinkage=0.03


Tree=73
num_leaves=8
num_cat=0
split_feature=3 28 29 3 28 28 30
split_gain=5.6386 11.2248 8.03573 7.24257 7.22424 5.67153 4.14349
threshold=37.912849426269538 2.9785000085830693 -1.400349974632263 49.719100952148445 2.1454000473022465 7.3085501194000253 1.3203999996185305
decision_type=2 10 8 2 8 10 10
left_child=4 2 -2 -3 6 -6 -1
right_child=1 3 -4 -5 5 -7 -8
leaf_value=0 0.0050777072904717611 0.024855955510045633 -0.019031309770507297 0.0033719009693369269 -0.0068980657692166332 0.0055188031349083216 0.017478129748567162
leaf_weight=26.802342936396599 26.412830695509911 29.318324193358421 20.198004260659218 34.246157243847847 183.71670788526535 36.847403958439827 21.273690685629845
leaf_count=108 107 119 82 139 748 150 86
internal_value=0 0.00574054 -0.00491971 0.0139773 -0.00228763 -0.00467276 0.00791584
internal_weight=0 110.175 46.6108 63.5645 268.64 220.564 48.076
internal_count=1539 447 189 258 1092 898 194
is_linear=0
shrinkage=0.03


Tree=74
num_leaves=8
num_cat=0
split_feature=3 26 10 2 16 11 21
split_gain=5.31177 9.53165 6.79413 5.62628 4.76522 4.15217 2.1975
threshold=37.912849426269538 -1.5380499958992002 -4.0759499073028556 19.326499938964847 -0.0051089997868984929 -0.25975000858306879 -0.32424999773502344
decision_type=2 10 10 2 2 2 2
left_child=2 6 4 -4 -1 -3 -2
right_child=1 5 3 -5 -6 -7 -8
leaf_value=-0.0026048536170821227 0.020884952969022343 0.0066490310497188832 -0.011858326781371 0.0030895297573555786 -0.018067746197909785 -0.0096037716482857798 0.0063932331468909299
leaf_weight=50.006064206361771 27.405502915382385 21.017718404531479 25.039845496416092 160.08099776506424 33.431186825037003 33.801413178443909 27.930599808692932
leaf_count=203 111 85 102 650 137 138 113
internal_value=0 0.0055812 -0.00221133 0.000853615 -0.00929634 -0.0028275 0.0143462
internal_weight=0 110.155 268.558 185.121 83.4373 54.8191 55.3361
internal_count=1539 447 1092 752 340 223 224
is_linear=0
shrinkage=0.03


Tree=75
num_leaves=8
num_cat=0
split_feature=25 2 26 7 7 12 3
split_gain=8.75403 7.54798 9.70668 6.75454 13.7332 6.74447 6.24837
threshold=-0.036599999293684952 41.206798553466804 -2.8382999897003169 0.65219998359680187 0.53094998002052318 0.70655000209808361 26.106550216674808
decision_type=2 2 10 10 10 2 2
left_child=1 2 -1 4 -2 -5 -3
right_child=3 6 -4 5 -6 -7 -8
leaf_value=-0.00019538972587034885 0 0.0024238755849047343 0.018393120104103679 0.012514635723359868 -0.022027736639664276 -0.0046637340842606038 -0.014558444082080941
leaf_weight=41.557313919067383 58.859144613146782 75.210421770811081 53.118554621934891 29.579046636819839 47.077988505363464 60.185312703251839 24.584922686219215
leaf_count=169 239 305 215 120 193 246 100
internal_value=0 0.00393583 0.0100035 -0.0050111 -0.0101277 0.000741851 -0.00156507
internal_weight=0 194.471 94.6759 195.701 105.937 89.7644 99.7953
internal_count=1587 789 384 798 432 366 405
is_linear=0
shrinkage=0.03


Tree=76
num_leaves=7
num_cat=0
split_feature=25 6 28 7 7 6
split_gain=8.24737 8.183 8.45595 6.38 12.9689 7.42252
threshold=-0.036599999293684952 0.3567000031471253 7.4714000225067148 0.65219998359680187 0.53094998002052318 0.71470001339912426
decision_type=2 8 10 10 10 10
left_child=1 -1 -3 4 -2 -5
right_child=3 2 -4 5 -6 -7
leaf_value=0.01923943877840496 0 -0.0013877046687057444 0.017595990797270693 0.010480899903119133 -0.021431462146659329 -0.0066181434232005718
leaf_weight=25.96207731962204 58.859144613146782 145.06821301579475 23.409399658441544 40.028092086315155 46.965703323483467 49.672546327114105
leaf_count=105 239 589 95 163 193 203
internal_value=0 0.0038147 0.00116126 -0.00487111 -0.00984744 0.000712819
internal_weight=0 194.44 168.478 195.525 105.825 89.7006
internal_count=1587 789 684 798 432 366
is_linear=0
shrinkage=0.03


Tree=77
num_leaves=7
num_cat=0
split_feature=25 0 15 27 27 5
split_gain=7.78647 7.71947 6.21863 5.78545 5.31418 8.47264
threshold=-0.036599999293684952 -0.06309999898076056 2.5000000000000004 0.87100002169609081 2.9724000692367558 0.78450000286102306
decision_type=2 2 2 10 10 10
left_child=4 2 -2 -3 5 -1
right_child=1 3 -4 -5 -6 -7
leaf_value=-0.0054893602137891483 -0.0056575929008132672 -0.024969349513951768 0.0099922430444232685 -0.0062177755478481254 0.017266725801104815 0.007739362090015048
leaf_weight=76.602361619472504 45.57380236685276 19.697618037462234 42.309223428368568 87.829552188515663 22.416107341647148 95.379717767238617
leaf_count=312 186 80 172 360 91 386
internal_value=0 -0.00473431 0.00156679 -0.0101277 0.00370653 0.00167607
internal_weight=0 195.41 87.883 107.527 194.398 171.982
internal_count=1587 798 358 440 789 698
is_linear=0
shrinkage=0.03


Tree=78
num_leaves=7
num_cat=0
split_feature=25 6 8 3 12 27
split_gain=7.35056 7.79556 8.0117 5.5381 4.76532 4.29745
threshold=-0.036599999293684952 0.3567000031471253 1.4171500205993655 26.106550216674808 -1.1016499996185301 3.2457998991012578
decision_type=2 8 10 2 2 10
left_child=1 -1 -3 4 -2 -5
right_child=3 2 -4 5 -6 -7
leaf_value=0.018654697298730007 0.012235742223292845 -0.0012275854063444403 0.018615724454388367 -0.0048339327369185036 -0.0031744473069931414 -0.019441660957451867
leaf_weight=25.938983976840973 22.73867455124855 148.77765017747879 19.651103153824806 70.99193762242794 72.648675471544266 28.953996017575264
leaf_count=105 92 604 80 290 297 119
internal_value=0 0.0035989 0.00100674 -0.00460285 0.000276659 -0.0095136
internal_weight=0 194.368 168.429 195.333 95.3874 99.9459
internal_count=1587 789 684 798 389 409
is_linear=0
shrinkage=0.03


Tree=79
num_leaves=6
num_cat=0
split_feature=23 28 0 7 8
split_gain=6.97546 9.05634 6.22222 5.56713 3.72854
threshold=1.6813499927520754 7.4714000225067148 -0.077349998056888566 1.1061999797821047 0.66765001416206371
decision_type=2 10 2 8 10
left_child=1 3 -2 -1 -4
right_child=2 -3 4 -5 -6
leaf_value=0.00095224697191169632 0.0026298833436881352 0.017963401557531997 -0.0044037324276982523 -0.01495679231956591 -0.024014232669979388
leaf_weight=276.3080295920372 22.093956023454666 26.03506675362587 21.334150105714798 20.282162874937057 23.511319100856781
leaf_count=1122 91 106 88 83 97
internal_value=0 0.00133301 -0.00921762 -8.14784e-05 -0.0156389
internal_weight=0 322.625 66.9394 296.59 44.8455
internal_count=1587 1311 276 1205 185
is_linear=0
shrinkage=0.03


Tree=80
num_leaves=5
num_cat=0
split_feature=11 11 11 6
split_gain=4.13653 11.1916 7.01214 6.58231
threshold=3.8591500520706181 2.0775001049041752 1.270349979400635 0.59579998254776012
decision_type=2 2 2 10
left_child=1 2 -1 -3
right_child=-2 3 -4 -5
leaf_value=0 0.009782812181449909 -0.026349955017389372 0.013987920526993828 -0.0027284939293722049
leaf_weight=257.49329675734043 38.188554629683495 20.65238656103611 35.450721070170403 27.818209618330002
leaf_count=1046 156 85 144 115
internal_value=0 -0.00046111 0.00167133 -0.0137288
internal_weight=0 341.415 292.944 48.4706
internal_count=1546 1390 1190 200
is_linear=0
shrinkage=0.03


Tree=81
num_leaves=7
num_cat=0
split_feature=8 4 22 8 9 11
split_gain=4.37757 8.47515 10.2548 5.75779 4.998 4.06164
threshold=0.21264999359846118 26.425950050354007 0.25070001184940344 0.055099999532103545 3.083149909973145 0.51565000414848339
decision_type=8 2 2 10 10 2
left_child=3 2 -2 4 -1 -3
right_child=1 5 -4 -5 -6 -7
leaf_value=-0.00013764006932683512 -0.02354337090880524 0.010521541130733371 -0.0010445458604629769 0.016426818723492852 0.015213436761592588 -0.0032657891140175257
leaf_weight=181.92775788903236 30.384417667984962 38.87454004585743 51.028467789292336 25.568494603037834 19.889233365654945 31.882494896650314
leaf_count=739 124 158 209 104 81 131
internal_value=0 -0.00333673 -0.00998923 0.00319221 0.00129486 0.00393208
internal_weight=0 152.17 81.4129 227.385 201.817 70.757
internal_count=1546 622 333 924 820 289
is_linear=0
shrinkage=0.03


Tree=82
num_leaves=5
num_cat=0
split_feature=7 7 7 10
split_gain=6.11649 11.239 16.8336 7.32987
threshold=1.0712000131607058 0.64509999752044689 0.60010001063346874 1.2851999998092654
decision_type=8 10 10 10
left_child=1 2 -1 -3
right_child=-2 3 -4 -5
leaf_value=0.0019929489719357641 -0.011824208476284657 0.015991475552475851 -0.018009794186863569 0.0020462849733796471
leaf_weight=148.68811342120171 31.674150303006172 60.443491905927658 48.937713131308556 89.776844471693039
leaf_count=604 130 246 201 365
internal_value=0 0.00171216 -0.00287499 0.00792438
internal_weight=0 347.846 197.626 150.22
internal_count=1546 1416 805 611
is_linear=0
shrinkage=0.03


Tree=83
num_leaves=6
num_cat=0
split_feature=11 17 11 11 12
split_gain=4.00211 9.06613 6.92184 15.3803 7.14269
threshold=-3.4924000501632686 -1.0000000180025095e-35 0.55094999074935924 0.7786499857902528 2.8443000316619877
decision_type=2 2 2 2 2
left_child=1 -1 4 -4 -2
right_child=2 -3 3 -5 -6
leaf_value=0.0047073600835583814 0.0034615427476445177 -0.017385643044315547 -0.025055359337291607 0.001235124185229499 0.021942916595347844
leaf_weight=29.975555807352066 130.83743442595005 32.104290023446083 22.031137377023697 141.77801482379436 22.664236783981323
leaf_count=121 531 132 90 580 92
internal_value=0 -0.00633683 0.0019004 -0.0022493 0.00650882
internal_weight=0 62.0798 317.311 163.809 153.502
internal_count=1546 253 1293 670 623
is_linear=0
shrinkage=0.03


Tree=84
num_leaves=7
num_cat=0
split_feature=8 4 22 8 5 0
split_gain=4.23712 8.0068 9.58304 5.39092 6.24657 3.61712
threshold=0.21264999359846118 26.425950050354007 0.25070001184940344 0.055099999532103545 1.5174999833106997 -0.20255000144243238
decision_type=8 2 2 10 10 2
left_child=3 2 -2 4 -1 -3
right_child=1 5 -4 -5 -6 -7
leaf_value=-0.0011265765929150118 -0.022921613806840907 0.013429716092827669 -0.0011223747890661774 0.015915275639744431 0.012158644511343486 -0.00037708708840028982
leaf_weight=163.89686697721481 30.316491842269897 22.557346045970917 51.015231177210808 25.568366885185242 37.800091117620468 48.154461279511452
leaf_count=667 124 92 209 104 153 197
internal_value=0 -0.00332175 -0.00979216 0.00310529 0.00126291 0.00373485
internal_weight=0 152.044 81.3317 227.265 201.697 70.7118
internal_count=1546 622 333 924 820 289
is_linear=0
shrinkage=0.03


Tree=85
num_leaves=6
num_cat=0
split_feature=26 25 27 27 28
split_gain=5.32826 9.44939 6.76283 8.95428 6.41233
threshold=-1.1031499505043028 -0.9087499976158141 1.2854499816894533 2.3042500019073491 4.391550064086915
decision_type=8 2 8 10 10
left_child=1 -1 -2 -4 -3
right_child=2 4 3 -5 -6
leaf_value=-0.011917668612822519 0.0060547205376479691 0.00090219369761586376 -0.019441291064955159 -0.00058157014487168605 0.011642458050443011
leaf_weight=30.903406396508217 37.364592179656029 131.18208037316799 39.242700815200806 59.983172371983528 87.54285517334938
leaf_count=127 151 533 160 246 357
internal_value=0 0.00307186 -0.00425574 -0.00845925 0.00537085
internal_weight=0 249.628 136.59 99.2259 218.725
internal_count=1574 1017 557 406 890
is_linear=0
shrinkage=0.03


Tree=86
num_leaves=7
num_cat=0
split_feature=11 16 11 26 27 5
split_gain=9.63988 11.404 10.7323 6.90301 5.56516 3.97693
threshold=-2.6623500585556026 -0.013640999794006346 -1.4387499690055845 -1.1166999936103819 1.2464500069618227 0.78450000286102306
decision_type=2 2 2 8 10 10
left_child=1 -1 5 -4 -3 -2
right_child=2 4 3 -5 -6 -7
leaf_value=0.010371327923611966 0.0047954181186229961 -0.0039549263448522051 0.0047196804611458918 -0.0053760199803819997 -0.022027467077547398 0.025824722626211417
leaf_weight=21.009057894349098 19.642132818698883 34.975558206439018 152.75693479180336 98.900701224803925 36.525917902588844 22.287836536765099
leaf_count=85 80 142 622 404 150 91
internal_value=0 -0.00792016 0.00311963 0.000627788 -0.0137774 0.0170135
internal_weight=0 92.5105 293.588 251.658 71.5015 41.93
internal_count=1574 377 1197 1026 292 171
is_linear=0
shrinkage=0.03


Tree=87
num_leaves=6
num_cat=0
split_feature=10 5 5 12 10
split_gain=3.83586 5.62417 8.51657 5.33239 3.31966
threshold=-11.477900028228758 0.6225000023841859 1.0575000047683718 -0.63425001502037037 -16.104499816894528
decision_type=10 10 8 2 10
left_child=4 3 -3 -2 -1
right_child=1 2 -4 -5 -6
leaf_value=0 0.0038471016533038072 0.010026809201795505 -0.0012073643303045882 -0.0094448863403312749 -0.015748994177539388
leaf_weight=24.131292507052422 41.545690625905991 114.98597717285156 118.45128367841244 64.95397911965847 21.86600124835968
leaf_count=99 169 467 481 268 90
internal_value=0 0.00155307 0.00421754 -0.00399304 -0.00755678
internal_weight=0 339.937 233.437 106.5 45.9973
internal_count=1574 1385 948 437 189
is_linear=0
shrinkage=0.03


Tree=88
num_leaves=7
num_cat=0
split_feature=11 16 11 30 12 5
split_gain=9.05875 10.7702 10.1155 7.05852 6.23755 3.74848
threshold=-2.6623500585556026 -0.013640999794006346 -1.4387499690055845 2.051649928092957 2.1158999204635625 0.78450000286102306
decision_type=2 2 2 10 2 10
left_child=1 -1 5 -3 -4 -2
right_child=2 3 4 -5 -6 -7
leaf_value=0.010056874871597603 0.0045984295879732736 -0.0042545741895249865 0.0044656118958913017 -0.024454768216501211 -0.0051419094981041743 0.025088021622876888
leaf_weight=21.002665445208549 19.630611643195152 41.302026480436325 153.33992177248001 30.079274535179138 98.239661559462547 22.234184354543686
leaf_count=85 80 168 622 124 404 91
internal_value=0 -0.00769656 0.00301147 -0.0134014 0.000589679 0.0165116
internal_weight=0 92.384 293.444 71.3813 251.58 41.8648
internal_count=1574 377 1197 292 1026 171
is_linear=0
shrinkage=0.03


Tree=89
num_leaves=5
num_cat=0
split_feature=16 7 6 27
split_gain=6.04264 11.9258 6.21246 2.60568
threshold=-0.013640999794006346 0.99540001153945934 0.93079999089241039 1.7893999814987185
decision_type=2 10 10 10
left_child=3 2 -2 -1
right_child=1 -3 -4 -5
leaf_value=0.0007250052650853131 0.0019445859013105208 -0.019053636430590954 -0.014272811913827592 0.016267507832145804
leaf_weight=21.518643498420715 285.91749760508537 29.148680984973907 21.775110259652138 27.238625481724739
leaf_count=88 1164 120 91 111
internal_value=0 -0.00101104 0.000657194 0.0101633
internal_weight=0 336.841 307.693 48.7573
internal_count=1574 1375 1255 199
is_linear=0
shrinkage=0.03


Tree=90
num_leaves=5
num_cat=0
split_feature=26 8 24 26
split_gain=7.40958 5.89683 8.10483 3.99693
threshold=-6.4339001178741446 0.49325001239776617 -0.30740000307559961 -1.283500015735626
decision_type=8 8 2 8
left_child=-1 2 -2 -3
right_child=1 3 -4 -5
leaf_value=0.01702468792101133 -0.0067279163938971176 0 0.0047016497324940849 -0.011752638241046633
leaf_weight=20.122059777379036 78.636059105396271 39.581511572003365 180.1425204873085 65.215284690260887
leaf_count=82 321 162 734 268
internal_value=0 -0.00123513 0.00110049 -0.00724203
internal_weight=0 363.575 258.779 104.797
internal_count=1567 1485 1055 430
is_linear=0
shrinkage=0.03


Tree=91
num_leaves=4
num_cat=0
split_feature=26 10 30
split_gain=6.99431 6.55285 6.02936
threshold=-6.4339001178741446 -12.510550022125242 0.92339998483657848
decision_type=8 10 10
left_child=-1 -2 -3
right_child=1 2 -4
leaf_value=0.016546130217551892 -0.01414974621706235 -0.007405769335551083 0.0022263302685961274
leaf_weight=20.111992239952087 31.07111357152462 74.542904809117317 257.89820776879787
leaf_count=82 129 302 1054
internal_value=0 -0.00119847 0
internal_weight=0 363.512 332.441
internal_count=1567 1485 1356
is_linear=0
shrinkage=0.03


Tree=92
num_leaves=6
num_cat=0
split_feature=8 29 29 1 5
split_gain=6.52228 5.77586 8.96194 3.89248 7.74861
threshold=0.19210000336170199 -6.341899871826171 -1.9469500184059141 1.5399500131607058 1.3364999890327456
decision_type=8 10 10 2 8
left_child=1 -1 -3 4 -2
right_child=3 2 -4 -5 -6
leaf_value=0.01639102965379597 -0.0036787943776545565 -0.0036960372519425689 0.0089477314596989495 0.0045344470971930223 -0.024447487506301924
leaf_weight=24.818060472607613 104.11137482523918 127.32652758061886 80.984862446784973 26.652172312140465 19.704243943095207
leaf_count=102 427 518 330 109 81
internal_value=0 0.0029149 0.0010954 -0.00506684 -0.00739371
internal_weight=0 233.129 208.311 150.468 123.816
internal_count=1567 950 848 617 508
is_linear=0
shrinkage=0.03


Tree=93
num_leaves=8
num_cat=0
split_feature=8 30 22 7 7 10 0
split_gain=6.18181 6.01735 7.72042 6.7319 5.02623 4.15867 1.13804
threshold=0.49325001239776617 0.92339998483657848 -1.3454499840736387 0.50784999132156383 0.64945000410079967 3.3989000320434575 -0.13800000399351117
decision_type=8 10 2 10 10 10 2
left_child=1 2 -1 -3 6 -6 -2
right_child=4 3 -4 -5 5 -7 -8
leaf_value=0.0062943850137474541 -0.0056105020017976868 0.014552904441238542 -0.011700632921378448 0.0015343376470244325 0.0060370574342407989 -0.0094740866906965447 -0.018472983416590417
leaf_weight=33.278989806771278 20.769432127475739 50.357782319188118 51.24489663541317 140.78876492381096 35.397937074303627 25.924543827772141 25.766929224133492
leaf_count=135 85 204 208 577 145 106 107
internal_value=0 0.00216656 -0.00427405 0.00517811 -0.00626455 -8.58282e-05 -0.0136023
internal_weight=0 275.67 84.5239 191.147 107.859 61.3225 46.5364
internal_count=1567 1124 343 781 443 251 192
is_linear=0
shrinkage=0.03


Tree=94
num_leaves=6
num_cat=0
split_feature=8 11 11 3 16
split_gain=5.88977 8.14163 6.11865 4.18886 3.86985
threshold=0.19210000336170199 3.8591500520706181 2.0775001049041752 8.2160000801086444 -0.0067914999090135089
decision_type=8 2 2 2 2
left_child=1 2 -1 -2 -5
right_child=3 -3 -4 4 -6
leaf_value=0.0030873462341702794 -0.016595362155884134 0.020792274523021126 -0.011171219075515482 0.005060495802507177 -0.0059547448042601894
leaf_weight=183.00181548297405 22.840649887919426 19.723274722695351 30.38597346842289 38.724194034934044 88.727410897612572
leaf_count=745 94 80 125 158 365
internal_value=0 0.00276938 0.000874386 -0.00481799 -0.00236104
internal_weight=0 233.111 213.388 150.292 127.452
internal_count=1567 950 870 617 523
is_linear=0
shrinkage=0.03


Tree=95
num_leaves=7
num_cat=0
split_feature=29 23 28 3 31 12
split_gain=4.43231 8.35866 5.80465 5.94577 5.66521 4.25936
threshold=-2.3118499517440791 -0.62185001373291005 3.6296499967575078 15.32189989089966 1.5000000000000002 3.7154500484466557
decision_type=8 2 10 2 2 2
left_child=2 -2 3 -1 -3 -4
right_child=1 4 5 -5 -6 -7
leaf_value=-0.022439412624952977 0.021053826127582227 0.0053164369292367005 -0.0015072490174807779 -0.0021699211310695198 -0.00635717517093593 0.011196466234811572
leaf_weight=20.843290477991104 22.690644085407257 124.26826630532742 90.905481562018394 42.816664204001427 50.781599938869476 30.000124856829643
leaf_count=85 92 509 373 174 209 122
internal_value=0 0.00420435 -0.00219147 -0.00951484 0.00174267 0.0014648
internal_weight=0 197.741 184.566 63.66 175.05 120.906
internal_count=1564 810 754 259 718 495
is_linear=0
shrinkage=0.03


Tree=96
num_leaves=6
num_cat=0
split_feature=11 11 11 12 6
split_gain=4.4583 11.3717 7.36923 5.87585 5.12979
threshold=3.5311000347137456 2.0775001049041752 1.1767999529838564 4.6035499572753915 0.60864999890327465
decision_type=2 2 2 2 10
left_child=1 2 -1 -2 -3
right_child=3 4 -4 -5 -6
leaf_value=0 0.019160432062917416 -0.02561590718460564 0.013794422215627022 -0.00085875256827256871 -0.002751680028057119
leaf_weight=255.21475411951542 25.332023307681084 19.792786002159119 39.324019238352776 20.919897064566612 21.676223918795586
leaf_count=1042 103 82 160 86 91
internal_value=0 -0.000119916 0.00187661 0.00964425 -0.0147172
internal_weight=0 336.008 294.539 46.2519 41.469
internal_count=1564 1375 1202 189 173
is_linear=0
shrinkage=0.03


Tree=97
num_leaves=7
num_cat=0
split_feature=7 7 7 24 10 7
split_gain=4.56213 13.3283 8.33648 6.86979 6.36146 5.53865
threshold=0.65219998359680187 0.59865000844001781 1.0712000131607058 -0.34935000538825983 -1.749249994754791 0.61614999175071727
decision_type=10 8 10 2 10 10
left_child=1 4 3 -2 -1 -3
right_child=2 5 -4 -5 -6 -7
leaf_value=-0.0040324283597074568 -0.00084914556379741104 -0.025778043399208455 -0.007945891042066229 0.012653878214606108 0.0081434969523915893 -0.0052062594782236989
leaf_weight=66.218870416283607 46.614248931407928 22.750773921608925 34.941939383745193 93.118008717894554 84.231042861938477 34.29183155298233
leaf_count=269 191 94 144 380 344 142
internal_value=0 -0.00193275 0.00458198 0.00796211 0.00259507 -0.0142307
internal_weight=0 207.493 174.674 139.732 150.45 57.0426
internal_count=1564 849 715 571 613 236
is_linear=0
shrinkage=0.03


Tree=98
num_leaves=8
num_cat=0
split_feature=7 7 17 30 10 14 7
split_gain=4.29222 12.6024 8.22958 8.49552 5.99281 5.40223 4.20366
threshold=0.65219998359680187 0.59865000844001781 -1.0000000180025095e-35 2.4296000003814702 -1.749249994754791 12.500000000000002 0.7251499891281129
decision_type=10 8 2 10 10 2 10
left_child=1 4 6 -4 -1 -3 -2
right_child=2 5 3 -5 -6 -7 -8
leaf_value=-0.0039134165074441807 0.022076148363259031 -0.0037136174479689131 -0.012913415460189167 0.0054963000769215594 0.0078985239318874953 -0.023673425356345465 0.0060402114965026187
leaf_weight=66.216138944029808 24.063615560531616 30.202656701207161 36.019255712628365 54.895016953349113 84.268595084547997 26.760481432080269 59.696613550186157
leaf_count=269 98 124 148 225 344 112 244
internal_value=0 -0.00188349 0.0044349 -0.00153218 0.00251148 -0.0138547 0.0112072
internal_weight=0 207.448 174.675 90.9143 150.485 56.9631 83.7602
internal_count=1564 849 715 373 613 236 342
is_linear=0
shrinkage=0.03


Tree=99
num_leaves=8
num_cat=0
split_feature=22 17 11 7 22 7 11
split_gain=6.06535 7.79805 10.4372 6.42955 7.9262 5.06675 4.17184
threshold=0.22770000249147418 -1.0000000180025095e-35 0.38754999637603765 0.65219998359680187 1.1464999914169314 0.47699999809265142 -3.4924000501632686
decision_type=2 2 2 10 2 10 2
left_child=1 2 -1 5 -5 -2 -3
right_child=3 6 -4 4 -6 -7 -8
leaf_value=0.010312814080224679 0.0086684580766622221 -0.01784955187683103 -0.0070630289512097306 0.021881412276160108 0.0017911722038230792 -0.0071273813751449276 -0.0038184448813591149
leaf_weight=72.701431900262833 29.416487991809845 28.954992771148682 51.165449291467667 35.683496609330177 41.473266154527664 43.964512020349503 78.644515410065651
leaf_count=295 120 121 209 146 170 183 320
internal_value=0 -0.00205268 0.00289607 0.00562202 0.0116274 -0.000360511 -0.00800005
internal_weight=0 231.466 123.867 150.538 77.1568 73.381 107.6
internal_count=1564 945 504 619 316 303 441
is_linear=0
shrinkage=0.03


end of trees

feature_importances:
Column_7=48
Column_11=48
Column_28=48
Column_16=39
Column_12=37
Column_10=31
Column_27=29
Column_5=25
Column_6=25
Column_3=19
Column_8=19
Column_14=17
Column_29=16
Column_30=16
Column_15=15
Column_26=15
Column_9=14
Column_25=12
Column_22=11
Column_24=10
Column_1=9
Column_23=8
Column_31=8
Column_0=7
Column_17=7
Column_21=7
Column_4=6
Column_2=5
Column_32=2

parameters:
[boosting: gbdt]
[objective: binary]
[metric: binary_logloss]
[tree_learner: serial]
[device_type: cpu]
[data_sample_strategy: bagging]
[data: ]
[valid: ]
[num_iterations: 100]
[learning_rate: 0.03]
[num_leaves: 8]
[num_threads: 0]
[seed: 42]
[deterministic: 0]
[force_col_wise: 0]
[force_row_wise: 0]
[histogram_pool_size: -1]
[max_depth: 3]
[min_data_in_leaf: 80]
[min_sum_hessian_in_leaf: 0.001]
[bagging_fraction: 0.6]
[pos_bagging_fraction: 1]
[neg_bagging_fraction: 1]
[bagging_freq: 5]
[bagging_seed: 400]
[feature_fraction: 0.5]
[feature_fraction_bynode: 1]
[feature_fraction_seed: 30056]
[extra_trees: 0]
[extra_seed: 12879]
[early_stopping_round: 0]
[early_stopping_min_delta: 0]
[first_metric_only: 0]
[max_delta_step: 0]
[lambda_l1: 1]
[lambda_l2: 1]
[linear_lambda: 0]
[min_gain_to_split: 0]
[drop_rate: 0.1]
[max_drop: 50]
[skip_drop: 0.5]
[xgboost_dart_mode: 0]
[uniform_drop: 0]
[drop_seed: 17869]
[top_rate: 0.2]
[other_rate: 0.1]
[min_data_per_group: 100]
[max_cat_threshold: 32]
[cat_l2: 10]
[cat_smooth: 10]
[max_cat_to_onehot: 4]
[top_k: 20]
[monotone_constraints: ]
[monotone_constraints_method: basic]
[monotone_penalty: 0]
[feature_contri: ]
[forcedsplits_filename: ]
[refit_decay_rate: 0.9]
[cegb_tradeoff: 1]
[cegb_penalty_split: 0]
[cegb_penalty_feature_lazy: ]
[cegb_penalty_feature_coupled: ]
[path_smooth: 0]
[interaction_constraints: ]
[verbosity: -1]
[saved_feature_importance_type: 0]
[use_quantized_grad: 0]
[num_grad_quant_bins: 4]
[quant_train_renew_leaf: 0]
[stochastic_rounding: 1]
[linear_tree: 0]
[max_bin: 255]
[max_bin_by_feature: ]
[min_data_in_bin: 3]
[bin_construct_sample_cnt: 200000]
[data_random_seed: 175]
[is_enable_sparse: 1]
[enable_bundle: 1]
[use_missing: 1]
[zero_as_missing: 0]
[feature_pre_filter: 1]
[pre_partition: 0]
[two_round: 0]
[header: 0]
[label_column: ]
[weight_column: ]
[group_column: ]
[ignore_column: ]
[categorical_feature: ]
[forcedbins_filename: ]
[precise_float_parser: 0]
[parser_config_file: ]
[objective_seed: 16083]
[num_class: 1]
[is_unbalance: 0]
[scale_pos_weight: 1]
[sigmoid: 1]
[boost_from_average: 1]
[reg_sqrt: 0]
[alpha: 0.9]
[fair_c: 1]
[poisson_max_delta_step: 0.7]
[tweedie_variance_power: 1.5]
[lambdarank_truncation_level: 30]
[lambdarank_norm: 1]
[label_gain: ]
[lambdarank_position_bias_regularization: 0]
[eval_at: ]
[multi_error_top_k: 1]
[auc_mu_weights: ]
[num_machines: 1]
[local_listen_port: 12400]
[time_out: 120]
[machine_list_filename: ]
[machines: ]
[gpu_platform_id: -1]
[gpu_device_id: -1]
[gpu_use_dp: 0]
[num_gpu: 1]

end of parameters

pandas_categorical:null
